little bit of licking by red haired cat
Mon Nov 13 17:54:22 2023
Buffer length: 445
Recording length: 2869
100
#
0.001583099365234375,64
0.012543678283691406,64
0.023350000381469727,64
0.0340723991394043,0
0.04479408264160156,0
0.055497169494628906,0
0.06619143486022949,128
0.07688641548156738,128
0.08757877349853516,64
0.09826946258544922,64
0.10896086692810059,0
0.11965155601501465,64
0.13034915924072266,64
0.14104175567626953,0
0.15173554420471191,0
0.162428617477417,128
0.17312121391296387,0
0.18381309509277344,0
0.1945047378540039,64
0.20519542694091797,64
0.21590733528137207,64
0.22660493850708008,64
0.23730111122131348,0
0.24799466133117676,128
0.25868773460388184,64
0.27039551734924316,64
0.2812163829803467,64
0.2919318675994873,64
0.3026254177093506,64
0.3133573532104492,64
0.3240540027618408,128
0.334744930267334,0
0.3454325199127197,64
0.3561239242553711,0
0.36681699752807617,64
0.37750911712646484,64
0.3885650634765625,0
0.40004825592041016,128
0.41143321990966797,128
0.42256951332092285,128
0.43369174003601074,0
0.44446325302124023,0
0.45517683029174805,128
0.465895414352417,0
0.47661924362182617,0
0.4873199462890625,128
0.498018741607666,64
0.5087182521820068,0
0.5194137096405029,0
0.5301353931427002,0
0.5408334732055664,64
0.5515275001525879,128
0.5622177124023438,0
0.5729806423187256,64
0.5836873054504395,64
0.5944774150848389,64
0.6056628227233887,64
0.616832971572876,64
0.6279923915863037,128
0.6391627788543701,64
0.6503329277038574,0
0.6614959239959717,0
0.6726639270782471,128
0.6838805675506592,192
0.6951615810394287,128
0.7064998149871826,64
0.7178285121917725,64
0.7291369438171387,0
0.7404396533966064,0
0.7517449855804443,0
0.7630507946014404,0
0.7743585109710693,128
0.7856614589691162,64
0.797091007232666,0
0.8082854747772217,64
0.8194668292999268,64
0.830634355545044,64
0.8418540954589844,128
0.8530256748199463,128
0.8641941547393799,128
0.8753988742828369,64
0.886577844619751,128
0.8978040218353271,64
0.9089744091033936,64
0.9201366901397705,128
0.9312984943389893,0
0.9424846172332764,0
0.9536986351013184,0
0.964857816696167,0
0.9761977195739746,64
0.9873771667480469,128
0.9985971450805664,64
1.0097668170928955,128
1.02093505859375,0
1.0320994853973389,64
1.0432591438293457,128
1.0544214248657227,192
1.065589427947998,128
1.076758861541748,64
1.0879247188568115,64
1.0994760990142822,0
1.110938310623169,64
1.1223154067993164,128
1.1337435245513916,0
1.1450719833374023,0
1.1563894748687744,64
1.1676971912384033,0
1.1790010929107666,128
1.1903018951416016,0
1.201742172241211,0
1.21297025680542,64
1.2241477966308594,0
1.2353105545043945,128
1.2464733123779297,128
1.2576353549957275,0
1.2687914371490479,0
1.2799530029296875,128
1.2911128997802734,0
1.3023195266723633,64
1.3135347366333008,64
1.3247065544128418,0
1.3358705043792725,0
1.347031593322754,64
1.3581926822662354,0
1.3693482875823975,0
1.3805060386657715,128
1.3916597366333008,0
1.4029762744903564,192
1.4143211841583252,128
1.4256319999694824,0
1.436936378479004,64
1.448237657546997,64
1.4595394134521484,128
1.470853567123413,64
1.482180118560791,0
1.4938983917236328,64
1.5053820610046387,0
1.5165843963623047,64
1.5277554988861084,128
1.5389173030853271,0
1.5500783920288086,0
1.5612328052520752,0
1.5723891258239746,0
1.5836162567138672,128
1.594848871231079,64
1.6060853004455566,64
1.6172573566436768,64
1.6284215450286865,0
1.6395964622497559,64
1.6507651805877686,0
1.6619291305541992,64
1.6730949878692627,64
1.684253454208374,0
1.6954097747802734,0
1.7066972255706787,128
1.7180233001708984,0
1.7293293476104736,0
1.740633249282837,64
1.7519361972808838,64
1.7632391452789307,64
1.7745416164398193,64
1.7858836650848389,64
1.79718017578125,0
1.8086118698120117,128
1.8198010921478271,0
1.8309636116027832,64
1.8421211242675781,64
1.8532869815826416,64
1.8644490242004395,64
1.8756077289581299,0
1.8867638111114502,0
1.8979194164276123,0
1.9091289043426514,64
1.920295000076294,0
1.9314522743225098,0
1.9426109790802002,0
1.9538249969482422,64
1.964979887008667,0
1.9761617183685303,64
1.9873404502868652,0
1.9985487461090088,64
2.0097737312316895,128
2.0209405422210693,64
2.03210186958313,64
2.043264865875244,64
2.0544652938842773,64
2.0660510063171387,0
2.0780293941497803,128
2.0894415378570557,0
2.1006627082824707,0
2.111886978149414,0
2.123068332672119,0
2.1342501640319824,64
2.1454174518585205,128
2.1565802097320557,128
2.167745351791382,0
2.178927183151245,128
2.1900928020477295,128
2.20125675201416,128
2.21254301071167,64
2.223923444747925,0
2.235241413116455,128
2.246548891067505,64
2.257859706878662,64
2.2691588401794434,64
2.2804629802703857,0
2.2917680740356445,64
2.3030779361724854,64
2.3145029544830322,0
2.3256936073303223,64
2.3368656635284424,0
2.3480281829833984,64
2.359187126159668,0
2.3703536987304688,0
2.381519079208374,128
2.392756700515747,128
2.403944969177246,64
2.415170192718506,128
2.4263315200805664,0
2.4374969005584717,0
2.4486560821533203,128
2.45982027053833,128
2.470982074737549,0
2.4821407794952393,0
2.4932992458343506,0
2.504472255706787,64
2.515751838684082,192
2.5270769596099854,64
2.5383822917938232,64
2.549680471420288,64
2.5609796047210693,128
2.572274684906006,0
2.5836291313171387,64
2.5949394702911377,128
2.6062395572662354,0
2.6176748275756836,128
2.628862142562866,128
2.640028238296509,64
2.6511855125427246,64
2.6623446941375732,128
2.673576593399048,128
2.684788227081299,128
2.695960521697998,64
2.7071239948272705,128
2.7183430194854736,64
2.729511260986328,192
2.7406773567199707,128
2.7518389225006104,128
2.7630012035369873,0
2.7741587162017822,0
2.7853143215179443,0
2.796471118927002,64
2.8076276779174805,0
2.8189074993133545,0
2.8302345275878906,64
2.8415417671203613,64
2.852888345718384,0
2.864206314086914,128
2.875506639480591,0
2.8868048191070557,64
2.8981075286865234,0
2.909409761428833,64
2.920849084854126,0
2.932036876678467,128
2.9432034492492676,0
2.954357624053955,0
2.9655158519744873,0
2.976680040359497,0
2.9878427982330322,64
2.9990010261535645,0
3.010150909423828,0
3.021395683288574,64
3.032564163208008,0
3.043759822845459,0
3.054926872253418,128
3.0660834312438965,64
3.0772430896759033,0
3.0884006023406982,0
3.0995593070983887,64
3.1107163429260254,0
3.121993064880371,0
3.1333138942718506,0
3.1446220874786377,64
3.1559224128723145,0
3.167227268218994,64
3.1785285472869873,128
3.1898257732391357,0
3.201134443283081,64
3.2124342918395996,128
3.22391939163208,128
3.235102653503418,0
3.246264696121216,64
3.257429838180542,0
3.268583059310913,0
3.279763698577881,0
3.2909226417541504,0
3.3020830154418945,64
3.3132405281066895,0
3.3244469165802,0
3.3356070518493652,0
3.346764326095581,128
3.3579211235046387,64
3.369076728820801,64
3.380244493484497,64
3.391409158706665,0
3.402562379837036,0
3.413771152496338,128
3.425050735473633,64
3.4363696575164795,0
3.4476730823516846,0
3.4589779376983643,64
3.470280170440674,0
3.4815845489501953,128
3.4929263591766357,64
3.5042269229888916,128
3.515522003173828,0
3.5269598960876465,64
3.538149356842041,192
3.549314260482788,128
3.5604701042175293,128
3.5716264247894287,0
3.582792282104492,0
3.5939559936523438,0
3.605116128921509,64
3.6162772178649902,0
3.6274945735931396,64
3.6386640071868896,64
3.649829149246216,128
3.6609880924224854,0
3.6721460819244385,0
3.6833102703094482,0
3.6944727897644043,0
3.705634117126465,192
3.716796875,0
3.7280752658843994,128
3.739396810531616,64
3.750711679458618,0
3.762009859085083,64
3.773308038711548,64
3.784607172012329,128
3.7959046363830566,0
3.8072073459625244,64
3.818542003631592,0
3.829979658126831,64
3.841170072555542,0
3.8523356914520264,0
3.8635470867156982,64
3.8747386932373047,64
3.8859071731567383,64
3.897069215774536,64
3.9082329273223877,64
3.9193971157073975,64
3.930600881576538,0
3.941761016845703,0
3.952954053878784,0
3.964129686355591,0
3.975289821624756,0
3.9864494800567627,0
3.9976115226745605,128
4.008769989013672,0
4.019930601119995,0
4.0312066078186035,0
4.042534112930298,0
4.053903341293335,0
4.065220355987549,64
4.076523542404175,0
4.087823152542114,128
4.099121809005737,64
4.110417604446411,0
4.1217169761657715,0
4.133166313171387,0
4.144392013549805,0
4.155568599700928,64
4.166731119155884,0
4.177888631820679,0
4.189044237136841,0
4.20020866394043,128
4.211367845535278,64
4.222532033920288,128
4.233789443969727,128
4.244951248168945,0
4.256108283996582,0
4.267266511917114,64
4.278423070907593,0
4.2895801067352295,0
4.300735950469971,128
4.311888217926025,64
4.323042154312134,0
4.334319114685059,128
4.345641374588013,0
4.356949806213379,64
4.368256330490112,64
4.379558086395264,0
4.390856742858887,0
4.40215539932251,0
4.413541555404663,0
4.424853086471558,64
4.436280965805054,0
4.447468996047974,0
4.458629608154297,0
4.469794511795044,64
4.48098611831665,0
4.492152690887451,0
4.503313302993774,0
4.514469623565674,128
4.525628328323364,64
4.536834478378296,64
4.54800271987915,0
4.559165716171265,128
4.570323705673218,0
4.581483364105225,0
4.592645645141602,64
4.603847503662109,0
4.615005731582642,0
4.626166105270386,0
4.637441635131836,0
4.648770570755005,0
4.6600892543792725,0
4.671401500701904,64
4.682706832885742,64
4.694063901901245,0
4.705366373062134,0
4.716676473617554,0
4.727983236312866,0
4.739424705505371,64
4.750685214996338,0
4.761879205703735,0
4.773053169250488,64
4.784235239028931,0
4.79541015625,64
4.806570529937744,0
4.8178136348724365,0
4.829043388366699,64
4.840270519256592,64
4.851438999176025,64
4.862602233886719,0
4.873812198638916,0
4.884974241256714,0
4.896134376525879,0
4.907299041748047,64
4.918470144271851,0
4.9296345710754395,64
4.9409215450286865,64
4.95224928855896,64
4.96368932723999,64
4.975330352783203,64
4.986802101135254,64
4.998165845870972,64
5.009489297866821,64
5.020806312561035,64
5.032115697860718,0
5.043593406677246,64
5.054795742034912,64
5.0659637451171875,0
5.077155113220215,0
5.088319778442383,0
5.099503755569458,64
5.110666751861572,0
5.121828556060791,192
5.133021354675293,0
5.1442341804504395,0
5.155398607254028,0
5.166556119918823,128
5.177715301513672,0
5.188875675201416,192
5.200028657913208,64
5.21118688583374,64
5.222349405288696,0
5.233550548553467,128
5.244840145111084,0
5.256168842315674,0
5.267477750778198,64
5.278778314590454,64
5.290074110031128,64
5.30137300491333,64
5.312672853469849,0
5.324012994766235,0
5.335336208343506,64
5.346773624420166,0
5.357957363128662,0
5.369118690490723,0
5.380274295806885,64
5.391438961029053,64
5.402597665786743,64
5.413795471191406,0
5.424959421157837,0
5.436114072799683,0
5.44731330871582,128
5.458466053009033,128
5.469749689102173,0
5.480917692184448,0
5.492079019546509,0
5.503241300582886,64
5.514402151107788,128
5.525561332702637,64
5.536719560623169,0
5.548004627227783,0
5.559361696243286,0
5.570675373077393,64
5.581984996795654,0
5.593293905258179,128
5.60459303855896,64
5.615894794464111,64
5.627197980880737,0
5.6384968757629395,64
5.649927139282227,0
5.661118745803833,0
5.672285318374634,128
5.683536052703857,128
5.694706678390503,0
5.705878734588623,128
5.717046737670898,64
5.728211402893066,0
5.73936915397644,0
5.750579357147217,192
5.761746168136597,0
5.772948503494263,128
5.784113883972168,192
5.7952704429626465,64
5.806434154510498,64
5.817590236663818,0
5.828746318817139,0
5.839902639389038,64
5.851181983947754,128
5.86250638961792,64
5.87386417388916,0
5.885167121887207,64
5.896461009979248,0
5.907761812210083,0
5.919062376022339,0
5.930363893508911,0
5.9416704177856445,64
5.953113079071045,64
5.9643003940582275,0
5.975470781326294,64
5.986636161804199,192
5.997791528701782,0
6.008953809738159,128
6.020118713378906,0
6.031277418136597,64
6.0424346923828125,192
6.053678274154663,0
6.064830303192139,0
6.075989007949829,0
6.087140798568726,128
6.0982935428619385,128
6.109448194503784,0
6.120599985122681,64
6.131749153137207,0
6.142982482910156,0
6.1542675495147705,64
6.165587902069092,0
6.17689847946167,128
6.18820595741272,0
6.199506521224976,0
6.210797071456909,0
6.222131013870239,64
6.233436107635498,64
6.244734764099121,64
6.25615930557251,0
6.267343521118164,0
6.278530597686768,0
6.2896950244903564,128
6.300849914550781,0
6.31200647354126,0
6.323160409927368,0
6.334316730499268,0
6.345475435256958,64
6.356678485870361,192
6.367835998535156,128
6.378991603851318,128
6.390143871307373,64
6.401297092437744,128
6.412450075149536,64
6.4236578941345215,128
6.4348132610321045,0
6.4459686279296875,128
6.457240104675293,64
6.468555450439453,64
6.479856491088867,64
6.491149663925171,0
6.502440929412842,64
6.513777256011963,0
6.525082111358643,64
6.536379098892212,64
6.547672748565674,64
6.559093236923218,0
6.570276737213135,128
6.581437587738037,0
6.592601776123047,64
6.603804111480713,64
6.614964962005615,64
6.6261208057403564,0
6.637277364730835,0
6.648435592651367,0
6.659647464752197,0
6.670809984207153,0
6.681969881057739,128
6.693127632141113,128
6.704301834106445,64
6.715475797653198,0
6.726636171340942,0
6.73779821395874,0
6.7489588260650635,64
6.760229825973511,0
6.771550416946411,0
6.782917022705078,0
6.794222831726074,0
6.805528402328491,64
6.8168299198150635,128
6.828130006790161,64
6.839425802230835,0
6.850720643997192,128
6.862151145935059,128
6.8733367919921875,0
6.884530067443848,0
6.895694255828857,0
6.906849384307861,0
6.918008327484131,0
6.9291651248931885,128
6.940325975418091,128
6.9514851570129395,128
6.962697982788086,192
6.973908185958862,0
6.985069274902344,64
6.99622654914856,64
7.007387399673462,0
7.018543481826782,128
7.029702663421631,64
7.040862560272217,128
7.0520179271698,0
7.063289642333984,0
7.0746142864227295,0
7.08591103553772,64
7.097212076187134,0
7.108510255813599,64
7.119805574417114,64
7.131103754043579,0
7.142399072647095,64
7.153735637664795,128
7.165157318115234,0
7.17636251449585,0
7.187529802322388,128
7.198686838150024,128
7.209842920303345,0
7.221003770828247,0
7.232163190841675,0
7.243319749832153,64
7.254473924636841,0
7.265682697296143,41024
7.276841163635254,42624
7.287997007369995,43072
7.29915714263916,43072
7.31031346321106,43264
7.321471691131592,43200
7.3326263427734375,43264
7.343832731246948,43200
7.354989767074585,43072
7.366259336471558,43200
7.377583265304565,43200
7.388893127441406,42944
7.400189399719238,43072
7.411483287811279,43136
7.422783851623535,42880
7.434086084365845,42944
7.445382833480835,42816
7.456675052642822,42816
7.468092203140259,42816
7.479316473007202,42624
7.4904913902282715,42560
7.5016820430755615,42432
7.512881278991699,42368
7.524044752120972,42240
7.535199403762817,42176
7.546360015869141,42048
7.557520389556885,41984
7.568732261657715,64
7.579891681671143,0
7.591061115264893,128
7.602214336395264,0
7.6133856773376465,64
7.62454080581665,0
7.635701656341553,64
7.646861791610718,0
7.658018350601196,64
7.669289827346802,64
7.68061089515686,0
7.691918611526489,64
7.703219890594482,64
7.71451735496521,0
7.725820779800415,0
7.737120628356934,0
7.7484235763549805,64
7.759718179702759,0
7.771153926849365,64
7.782344341278076,0
7.793552398681641,128
7.8047239780426025,0
7.815886497497559,0
7.827136516571045,64
7.838314771652222,192
7.849482774734497,0
7.860655307769775,0
7.871870279312134,0
7.883041620254517,128
7.894320487976074,0
7.905625343322754,64
7.9168243408203125,0
7.927990674972534,64
7.939147472381592,0
7.950304269790649,0
7.961462497711182,0
7.97268271446228,64
7.983900547027588,0
7.995065450668335,128
8.006226062774658,64
8.01738166809082,0
8.02853775024414,64
8.039697885513306,64
8.050849199295044,64
8.062004566192627,64
8.073283910751343,0
8.084654569625854,128
8.09597134590149,64
8.107301473617554,128
8.118798732757568,64
8.13011121749878,45120
8.141411066055298,45120
8.152706384658813,45120
8.164048671722412,45184
8.175486087799072,44992
8.18667197227478,45120
8.197838068008423,45120
8.208993673324585,45056
8.220179319381714,44992
8.231342315673828,45056
8.242505311965942,45056
8.25371789932251,45120
8.264882802963257,45056
8.276086807250977,45056
8.287248134613037,44992
8.298440217971802,45056
8.30961012840271,44992
8.320778369903564,45056
8.331934452056885,0
8.343090772628784,64
8.35425090789795,64
8.365402698516846,64
8.376678228378296,64
8.388001203536987,0
8.399308919906616,64
8.410630226135254,64
8.42193865776062,0
8.433243036270142,64
8.444540739059448,0
8.455834150314331,0
8.467133045196533,64
8.478565216064453,64
8.489749908447266,0
8.500916957855225,0
8.512079954147339,0
8.523235559463501,0
8.534389734268188,0
8.54554533958435,128
8.556701183319092,0
8.567849397659302,0
8.579055309295654,192
8.590226173400879,64
8.60138463973999,64
8.612546443939209,0
8.623847723007202,0
8.635010957717896,0
8.646167039871216,0
8.65732216835022,128
8.668476581573486,0
8.679754734039307,192
8.691113471984863,0
8.702423810958862,0
8.713779926300049,64
8.725092649459839,0
8.736392974853516,64
8.747699737548828,64
8.759001731872559,0
8.770301580429077,0
8.781733512878418,64
8.792970180511475,45120
8.804142951965332,45120
8.815300941467285,45056
8.826461553573608,45184
8.837619543075562,44992
8.848777294158936,45056
8.8599374294281,128
8.87109112739563,0
8.882298231124878,128
8.893495082855225,0
8.904652833938599,64
8.915805101394653,0
8.926964044570923,192
8.938120126724243,128
8.949273824691772,64
8.960426092147827,0
8.971580028533936,192
8.982896327972412,192
8.994223594665527,44992
9.005532026290894,45120
9.016828536987305,45056
9.02812147140503,44992
9.039415121078491,64
9.050715208053589,0
9.062007427215576,64
9.073299169540405,0
9.08472728729248,0
9.095913887023926,64
9.107075214385986,128
9.11824655532837,192
9.129399299621582,0
9.140560865402222,0
9.151715755462646,128
9.162910223007202,45120
9.174071073532104,45120
9.185274839401245,45056
9.196430921554565,45120
9.207584381103516,45056
9.218737125396729,45056
9.229896306991577,44928
9.241045236587524,45056
9.252197265625,128
9.263373613357544,0
9.27453351020813,64
9.285839557647705,128
9.297164916992188,64
9.30846643447876,0
9.319763422012329,64
9.331063985824585,64
9.342361211776733,45248
9.353716135025024,45120
9.365014791488647,44928
9.376312971115112,45120
9.387735366821289,45056
9.398913145065308,44928
9.410074949264526,45056
9.421229600906372,45120
9.43238091468811,64
9.443573713302612,64
9.454728126525879,192
9.46588134765625,192
9.477033853530884,0
9.488234996795654,0
9.4993896484375,128
9.51054048538208,64
9.52169418334961,0
9.532886981964111,0
9.544042348861694,45056
9.555195093154907,44992
9.566345453262329,45056
9.577494621276855,44992
9.588779211044312,45056
9.600111961364746,45056
9.611423254013062,128
9.622722864151001,64
9.634049654006958,128
9.645354509353638,0
9.656655550003052,0
9.66795015335083,64
9.679244756698608,0
9.690669298171997,64
9.701854944229126,0
9.713022232055664,0
9.724180698394775,192
9.73534107208252,64
9.746497392654419,64
9.757654190063477,0
9.76880693435669,0
9.779969930648804,0
9.791178226470947,128
9.802338123321533,128
9.813543319702148,0
9.824701070785522,192
9.835855722427368,64
9.847012758255005,0
9.858174800872803,192
9.86933422088623,0
9.88049054145813,0
9.891802072525024,0
9.903136968612671,0
9.914443969726562,0
9.925743341445923,64
9.93703818321228,0
9.948337316513062,64
9.959629774093628,0
9.970924377441406,0
9.982219696044922,0
9.993699073791504,64
10.004886150360107,0
10.016051292419434,64
10.027209043502808,64
10.03837275505066,0
10.049527645111084,0
10.060681343078613,0
10.071839570999146,128
10.08302617073059,64
10.094234228134155,0
10.105390787124634,0
10.116544008255005,128
10.127697229385376,64
10.138850688934326,64
10.149999856948853,0
10.161158323287964,64
10.172313928604126,0
10.183504343032837,0
10.194777488708496,0
10.206101655960083,64
10.217402458190918,64
10.228700399398804,64
10.23999547958374,0
10.251283407211304,0
10.262580871582031,64
10.273919820785522,0
10.285216808319092,64
10.296660900115967,64
10.30784797668457,0
10.319011449813843,128
10.330166101455688,0
10.341318368911743,0
10.35246992111206,64
10.363668441772461,0
10.374858379364014,64
10.386019706726074,0
10.397250175476074,64
10.408407211303711,0
10.419564723968506,0
10.430713891983032,0
10.441860675811768,0
10.45301628112793,0
10.464175939559937,0
10.475327491760254,64
10.4865140914917,128
10.497793436050415,128
10.509116172790527,64
10.52041506767273,0
10.531707525253296,0
10.543042421340942,0
10.554319143295288,64
10.56557822227478,0
10.576836347579956,0
10.588111877441406,64
10.599500894546509,64
10.610656261444092,64
10.621787786483765,0
10.632955312728882,64
10.644087076187134,0
10.6552095413208,0
10.666342735290527,64
10.677476644515991,128
10.688601970672607,0
10.699841976165771,192
10.711135625839233,64
10.72241497039795,0
10.733725309371948,0
10.744995594024658,128
10.756266593933105,64
10.767524480819702,0
10.778785228729248,0
10.790123701095581,0
10.801561117172241,64
10.812729835510254,0
10.823931694030762,0
10.835068702697754,128
10.846198320388794,64
10.857322454452515,0
10.86845064163208,0
10.879588603973389,192
10.890715837478638,0
10.901955842971802,0
10.913244009017944,0
10.924517154693604,128
10.935781478881836,64
10.947049140930176,64
10.958312273025513,0
10.969574213027954,0
10.980835199356079,64
10.992098331451416,64
11.003539800643921,0
11.01469874382019,128
11.025834798812866,0
11.036965370178223,64
11.048093557357788,0
11.05921983718872,192
11.07034683227539,0
11.0814790725708,128
11.092642545700073,64
11.103933095932007,64
11.115232229232788,64
11.126501083374023,64
11.137771368026733,0
11.149036169052124,64
11.160297870635986,128
11.171549081802368,0
11.183021545410156,0
11.194345712661743,64
11.205756187438965,64
11.21692156791687,64
11.228059530258179,0
11.239190816879272,128
11.25031590461731,0
11.261437892913818,64
11.272566318511963,0
11.283731698989868,0
11.294859886169434,0
11.306097507476807,64
11.317389726638794,64
11.328656911849976,64
11.33993911743164,0
11.351207256317139,0
11.362473726272583,0
11.373791217803955,64
11.385064840316772,0
11.396334171295166,0
11.407740831375122,0
11.41889762878418,64
11.430033445358276,0
11.441162824630737,64
11.45229172706604,0
11.46354866027832,64
11.474695682525635,0
11.485814094543457,0
11.49692177772522,0
11.508147954940796,128
11.519416332244873,64
11.53066611289978,128
11.541908264160156,0
11.553155183792114,64
11.564406633377075,0
11.575648784637451,64
11.586900234222412,0
11.598147869110107,0
11.609512567520142,0
11.620651960372925,0
11.6317720413208,64
11.642935276031494,0
11.654052257537842,128
11.665161371231079,0
11.676269054412842,64
11.687420129776001,0
11.698543310165405,0
11.709777116775513,0
11.72106385231018,64
11.732319116592407,64
11.743671894073486,0
11.754947185516357,64
11.766200304031372,64
11.777446508407593,0
11.788691997528076,0
11.799938917160034,0
11.811308145523071,0
11.82245683670044,64
11.833623886108398,0
11.844745874404907,192
11.855859279632568,64
11.86696743965149,0
11.87807822227478,128
11.88918948173523,0
11.900297164916992,64
11.911518335342407,0
11.922791957855225,64
11.934050559997559,0
11.945298433303833,64
11.956542253494263,64
11.967794179916382,0
11.97903323173523,64
11.990276098251343,0
12.001663446426392,64
12.013072729110718,0
12.024222612380981,64
12.0353422164917,0
12.04645848274231,128
12.057570219039917,64
12.068680047988892,0
12.079794883728027,0
12.090913772583008,64
12.102023601531982,0
12.113246440887451,0
12.124512910842896,0
12.13576602935791,64
12.147014141082764,64
12.15825867652893,0
12.169508218765259,64
12.180754899978638,64
12.19199252128601,64
12.20325255393982,0
12.21452522277832,0
12.225657939910889,0
12.236772775650024,0
12.247885942459106,128
12.25899362564087,0
12.27010178565979,128
12.281212091445923,64
12.29235029220581,0
12.303513288497925,0
12.314753293991089,128
12.326026916503906,64
12.33728575706482,0
12.348534107208252,128
12.359778642654419,0
12.371031761169434,64
12.38230013847351,0
12.393604278564453,128
12.404853582382202,0
12.41627025604248,64
12.427414417266846,0
12.43853759765625,0
12.449653387069702,64
12.460797548294067,64
12.47192096710205,64
12.48303771018982,0
12.494152545928955,0
12.50525712966919,0
12.516479015350342,128
12.527783870697021,0
12.53904128074646,0
12.550286769866943,0
12.561529159545898,0
12.572774410247803,0
12.584016561508179,128
12.595283269882202,64
12.606535196304321,0
12.617908000946045,0
12.629047393798828,128
12.64016604423523,128
12.651278972625732,0
12.66239047050476,0
12.673607587814331,128
12.684732437133789,0
12.69584321975708,64
12.706964254379272,0
12.718201875686646,64
12.729479789733887,64
12.74073576927185,64
12.7519850730896,64
12.763233661651611,64
12.774481058120728,0
12.785722255706787,0
12.796966791152954,64
12.80821943283081,0
12.819589853286743,64
12.830732583999634,128
12.841846466064453,64
12.853008270263672,0
12.864127397537231,0
12.875241994857788,64
12.886388778686523,64
12.897503137588501,128
12.90861463546753,128
12.919842720031738,128
12.931123733520508,0
12.94237756729126,64
12.953671932220459,0
12.964927434921265,64
12.976175785064697,64
12.987422227859497,64
12.99867033958435,128
13.009915590286255,0
13.021281242370605,64
13.032421350479126,64
13.043591499328613,0
13.054707288742065,64
13.06581997871399,128
13.076930046081543,128
13.088040351867676,128
13.099154472351074,64
13.110268831253052,192
13.121492624282837,192
13.132766962051392,0
13.144016742706299,0
13.155257940292358,0
13.166505098342896,0
13.17775297164917,64
13.189029216766357,64
13.20028042793274,64
13.21151876449585,64
13.222948789596558,64
13.234099388122559,192
13.245223760604858,128
13.256340980529785,64
13.267451047897339,0
13.278561353683472,128
13.28966760635376,0
13.300781726837158,128
13.311892747879028,0
13.323118209838867,64
13.334392070770264,0
13.345646381378174,0
13.356891393661499,0
13.36813998222351,64
13.379387617111206,0
13.390631437301636,64
13.401873111724854,64
13.4131441116333,64
13.424539804458618,64
13.435693502426147,64
13.446817636489868,128
13.457928657531738,0
13.469031810760498,0
13.480143547058105,128
13.491280555725098,0
13.502396821975708,64
13.513553380966187,64
13.524779081344604,64
13.536046981811523,64
13.547294855117798,0
13.558539152145386,64
13.569785118103027,128
13.581034183502197,64
13.59228801727295,0
13.603582620620728,0
13.614842653274536,64
13.62621808052063,64
13.637357711791992,64
13.648473739624023,128
13.659587144851685,0
13.670698642730713,64
13.681808471679688,0
13.69296383857727,64
13.704094409942627,0
13.715207815170288,128
13.726439714431763,0
13.737713813781738,0
13.748968362808228,0
13.760213613510132,64
13.771458864212036,192
13.782706260681152,64
13.793994903564453,128
13.805238723754883,0
13.816490888595581,64
13.82785677909851,128
13.838995456695557,192
13.850112915039062,128
13.861291646957397,0
13.872434139251709,0
13.883609533309937,0
13.89473843574524,0
13.905860424041748,192
13.916980981826782,128
13.928212642669678,0
13.939486503601074,0
13.950743198394775,64
13.961992740631104,64
13.973248481750488,64
13.984504461288452,0
13.99574875831604,0
14.006994009017944,64
14.01824426651001,0
14.02961802482605,128
14.040762901306152,128
14.051879405975342,0
14.06299376487732,0
14.074102401733398,64
14.085210800170898,0
14.096354961395264,192
14.107471704483032,64
14.118585348129272,0
14.129809617996216,0
14.141082048416138,0
14.152336120605469,64
14.163644075393677,0
14.174896717071533,64
14.186140060424805,128
14.197382688522339,0
14.2086341381073,64
14.219889879226685,0
14.231250286102295,0
14.242396354675293,192
14.253558874130249,0
14.264671325683594,64
14.275783061981201,0
14.286890983581543,64
14.29800295829773,64
14.30911636352539,0
14.320224523544312,128
14.331442594528198,0
14.342717409133911,64
14.35401701927185,64
14.365270614624023,0
14.376518249511719,64
14.387772798538208,128
14.399014472961426,0
14.410256147384644,64
14.42150092124939,0
14.432915925979614,64
14.444056510925293,0
14.455197811126709,0
14.466315746307373,64
14.477431535720825,64
14.488539934158325,0
14.49964690208435,0
14.51076054573059,64
14.521867275238037,0
14.53309965133667,0
14.544395685195923,0
14.555652618408203,0
14.566895723342896,0
14.578135013580322,0
14.589388847351074,0
14.600637674331665,0
14.611881494522095,64
14.623127460479736,64
14.634510040283203,0
14.645655393600464,64
14.65677785873413,64
14.667891502380371,0
14.679102659225464,64
14.690281391143799,128
14.701409816741943,0
14.712550640106201,192
14.723746538162231,64
14.734989166259766,128
14.74627423286438,0
14.75753378868103,0
14.768784046173096,64
14.780030727386475,0
14.791277170181274,0
14.802523136138916,0
14.813818454742432,0
14.825064420700073,0
14.83643102645874,0
14.847575426101685,192
14.858694314956665,128
14.869807004928589,0
14.880923509597778,0
14.892036199569702,0
14.90315055847168,64
14.914266347885132,64
14.92538070678711,0
14.93660593032837,64
14.94788384437561,0
14.959137201309204,0
14.97038984298706,0
14.98164439201355,0
14.99294900894165,64
15.00420355796814,64
15.015450239181519,0
15.026700258255005,0
15.038067102432251,64
15.049208879470825,0
15.06032943725586,64
15.071441650390625,0
15.082552909851074,192
15.093704223632812,0
15.104817867279053,128
15.115930795669556,192
15.127041816711426,128
15.138258934020996,192
15.14952802658081,0
15.160786628723145,64
15.172033548355103,64
15.183281898498535,64
15.194526672363281,0
15.205771923065186,0
15.217019081115723,128
15.22826099395752,0
15.239635467529297,64
15.250770568847656,0
15.261894941329956,0
15.273011684417725,0
15.284123659133911,128
15.295257329940796,0
15.306372165679932,0
15.317488431930542,128
15.328601837158203,128
15.339829206466675,0
15.35110068321228,0
15.362357139587402,0
15.373652696609497,0
15.38490605354309,0
15.396155595779419,64
15.407400369644165,0
15.418649435043335,64
15.429893970489502,0
15.44126296043396,64
15.45240068435669,0
15.463563919067383,0
15.474803686141968,0
15.485931873321533,64
15.497064590454102,64
15.508180856704712,0
15.519297361373901,64
15.530407428741455,64
15.541629791259766,64
15.552952527999878,64
15.56421422958374,64
15.57545781135559,0
15.586705684661865,64
15.598144769668579,64
15.609411478042603,64
15.620658159255981,0
15.631901741027832,64
15.643288135528564,64
15.654433965682983,64
15.665561437606812,64
15.676681995391846,0
15.687793254852295,0
15.698905229568481,0
15.710021495819092,128
15.72114109992981,64
15.732253551483154,128
15.74353814125061,0
15.754815578460693,64
15.766079425811768,0
15.777329921722412,0
15.788576126098633,0
15.799825429916382,0
15.811071634292603,128
15.822317600250244,0
15.833619117736816,0
15.845003604888916,64
15.856152057647705,64
15.867267847061157,128
15.87838101387024,64
15.889525890350342,64
15.900649547576904,64
15.911760807037354,192
15.922920227050781,128
15.934044599533081,128
15.945278882980347,128
15.956554889678955,0
15.967809915542603,0
15.979059934616089,0
15.990304231643677,0
16.001558542251587,64
16.01281213760376,0
16.024112462997437,0
16.035454988479614,0
16.046849489212036,0
16.057992458343506,128
16.069110870361328,0
16.08022451400757,64
16.091341972351074,128
16.102455139160156,64
16.113620042800903,64
16.12474036216736,64
16.13585352897644,0
16.14707374572754,64
16.158345460891724,64
16.16960382461548,64
16.180855751037598,0
16.192097902297974,0
16.20334553718567,64
16.214608907699585,64
16.22585654258728,0
16.237106323242188,128
16.24847984313965,0
16.259629249572754,128
16.270737886428833,0
16.281861305236816,0
16.29297661781311,0
16.30408763885498,0
16.315200090408325,64
16.32631015777588,0
16.33742094039917,64
16.348634719848633,0
16.35990810394287,64
16.371163845062256,0
16.382410764694214,0
16.393710613250732,64
16.40496277809143,0
16.41622829437256,64
16.42748212814331,64
16.438730716705322,64
16.45010733604431,128
16.46125078201294,64
16.472370862960815,0
16.483572006225586,0
16.494726419448853,128
16.505842208862305,64
16.51695680618286,128
16.52806544303894,0
16.539201498031616,0
16.55042862892151,0
16.561704635620117,64
16.573001861572266,64
16.584259271621704,0
16.595512866973877,0
16.60676646232605,0
16.618037462234497,0
16.629286766052246,0
16.64053249359131,64
16.651907205581665,0
16.66304588317871,0
16.67416000366211,0
16.685280799865723,0
16.696396827697754,64
16.707509756088257,0
16.71863055229187,0
16.729746341705322,128
16.74086093902588,64
16.75208616256714,0
16.763365745544434,64
16.774621963500977,0
16.78587532043457,128
16.797119140625,0
16.808363437652588,64
16.81961226463318,64
16.830859661102295,64
16.842103481292725,64
16.853569984436035,0
16.864721059799194,0
16.875839948654175,128
16.886956453323364,128
16.898069620132446,64
16.909181833267212,0
16.920292139053345,0
16.93146252632141,0
16.942604780197144,0
16.953897714614868,64
16.965190649032593,0
16.97645401954651,0
16.987705945968628,64
16.99895191192627,64
17.010197639465332,0
17.02144718170166,0
17.03269934654236,0
17.04399871826172,128
17.055382013320923,0
17.0665225982666,192
17.07764172554016,128
17.088749647140503,0
17.099895477294922,64
17.11101508140564,64
17.12212634086609,128
17.133238792419434,64
17.14434838294983,64
17.155577182769775,64
17.166850566864014,0
17.178107023239136,64
17.189353942871094,64
17.20060420036316,64
17.211851358413696,128
17.223102807998657,64
17.23435616493225,64
17.245601892471313,0
17.256973266601562,64
17.26811408996582,192
17.279236555099487,0
17.290345668792725,0
17.301462173461914,0
17.31257653236389,0
17.323724508285522,64
17.334836959838867,64
17.345948457717896,128
17.357166290283203,192
17.368433237075806,0
17.379682540893555,0
17.39092707633972,0
17.402173042297363,0
17.413419723510742,64
17.424661874771118,64
17.435900926589966,0
17.4471435546875,64
17.458518743515015,128
17.469660997390747,0
17.480781078338623,64
17.491894006729126,128
17.503000736236572,0
17.51411199569702,0
17.525221824645996,0
17.536336660385132,64
17.54744815826416,64
17.5586678981781,0
17.569931983947754,0
17.581212043762207,64
17.592475414276123,128
17.603782892227173,64
17.615036010742188,128
17.62628698348999,0
17.63753032684326,64
17.648776054382324,64
17.6601459980011,64
17.671285152435303,64
17.682406663894653,64
17.693592309951782,64
17.704718112945557,64
17.71583843231201,0
17.726956129074097,64
17.73806929588318,192
17.74918031692505,0
17.760406970977783,0
17.771679639816284,0
17.78297781944275,64
17.79423999786377,128
17.805493593215942,64
17.816746711730957,0
17.82799458503723,64
17.839240550994873,64
17.85048747062683,64
17.861862897872925,64
17.87299394607544,0
17.884108543395996,0
17.89522075653076,128
17.906336069107056,64
17.917446851730347,0
17.928555250167847,64
17.939666271209717,0
17.9507794380188,0
17.961993932724,0
17.9732825756073,64
17.984540462493896,64
17.99578595161438,0
18.007031679153442,64
18.01827836036682,0
18.029527187347412,64
18.040773630142212,128
18.052021265029907,0
18.06339120864868,0
18.074525117874146,0
18.085643529891968,64
18.096755504608154,0
18.10787034034729,128
18.118979930877686,0
18.130086660385132,0
18.14119863510132,128
18.152313232421875,0
18.163578510284424,64
18.17484712600708,0
18.186107635498047,64
18.19735550880432,0
18.2086021900177,64
18.219852685928345,0
18.231110334396362,0
18.242352724075317,0
18.253642082214355,64
18.265053272247314,0
18.27620005607605,128
18.287319898605347,0
18.29846429824829,0
18.3095805644989,0
18.320698261260986,0
18.33181095123291,0
18.342954397201538,128
18.354077100753784,0
18.365304231643677,0
18.376572132110596,0
18.38782286643982,0
18.39906883239746,0
18.410319328308105,64
18.421569108963013,128
18.432814598083496,0
18.444114923477173,64
18.455363273620605,0
18.466742038726807,0
18.47788381576538,64
18.489009141921997,64
18.500123977661133,128
18.51123809814453,64
18.52235460281372,0
18.533501863479614,64
18.544617891311646,64
18.555727005004883,0
18.56695055961609,128
18.578218936920166,0
18.589473724365234,64
18.60072922706604,64
18.611976385116577,64
18.623265743255615,0
18.634521007537842,64
18.645764589309692,64
18.657013654708862,0
18.668394327163696,64
18.679537296295166,0
18.69065499305725,0
18.701792001724243,64
18.712947368621826,0
18.724077701568604,128
18.735198736190796,64
18.746315956115723,128
18.757426023483276,64
18.768646478652954,0
18.77992296218872,0
18.791179418563843,0
18.802428007125854,0
18.813717126846313,0
18.82498049736023,64
18.836233139038086,0
18.847481966018677,0
18.85873031616211,0
18.870107650756836,0
18.881282806396484,128
18.892418146133423,128
18.90359330177307,0
18.91471529006958,0
18.925827503204346,128
18.93694019317627,0
18.948051929473877,0
18.95916724205017,0
18.970401287078857,0
18.98168444633484,0
18.992987632751465,64
19.004253149032593,64
19.015502452850342,0
19.0267493724823,0
19.037997007369995,0
19.049241304397583,64
19.060489654541016,0
19.071866035461426,0
19.083009719848633,64
19.094131469726562,64
19.105246543884277,128
19.116361141204834,0
19.127470016479492,0
19.138578414916992,0
19.14968705177307,0
19.160801649093628,64
19.17201852798462,0
19.183289289474487,0
19.194542169570923,128
19.205791473388672,64
19.21704125404358,64
19.22829031944275,128
19.23953914642334,128
19.25078511238098,0
19.262033224105835,0
19.273404598236084,0
19.28454828262329,64
19.29566979408264,0
19.306779861450195,0
19.317891597747803,0
19.329004526138306,128
19.34012484550476,64
19.351237773895264,0
19.36235284805298,0
19.373615741729736,64
19.38489007949829,64
19.396148443222046,192
19.407397508621216,0
19.418644428253174,64
19.429890394210815,0
19.441136837005615,0
19.452373504638672,0
19.463725328445435,0
19.475111961364746,0
19.48625898361206,64
19.497402906417847,128
19.50852608680725,64
19.5196430683136,0
19.530752182006836,0
19.541860818862915,0
19.552972555160522,0
19.564083099365234,192
19.5753014087677,0
19.586572408676147,0
19.59783411026001,64
19.60908603668213,64
19.620331048965454,0
19.631579160690308,64
19.642879486083984,64
19.65416669845581,64
19.665427684783936,0
19.67680788040161,128
19.68795108795166,0
19.699071407318115,0
19.71018624305725,0
19.721306800842285,0
19.732417583465576,128
19.74357008934021,0
19.754688262939453,128
19.765804290771484,64
19.777026653289795,0
19.788301706314087,64
19.799560546875,64
19.81080937385559,64
19.822158098220825,64
19.833441257476807,64
19.844717502593994,0
19.855972051620483,0
19.86722445487976,64
19.878611087799072,128
19.889753103256226,0
19.900874137878418,192
19.91199231147766,64
19.923105716705322,0
19.934218406677246,192
19.945331573486328,0
19.956446409225464,64
19.967566967010498,64
19.978790283203125,0
19.990063428878784,64
20.00137448310852,64
20.012651920318604,64
20.023969650268555,0
20.035236358642578,0
20.04649019241333,64
20.057743072509766,128
20.068997621536255,0
20.08038091659546,64
20.091526985168457,64
20.102672338485718,64
20.113847494125366,128
20.124966859817505,64
20.136078596115112,128
20.1471848487854,0
20.158294916152954,0
20.16941237449646,192
20.180638551712036,0
20.191908359527588,0
20.203165292739868,128
20.214416980743408,64
20.22566246986389,0
20.236905097961426,64
20.248152256011963,64
20.25939702987671,128
20.270642518997192,64
20.282016038894653,64
20.293159008026123,64
20.304276943206787,64
20.31538677215576,64
20.326497793197632,0
20.337610006332397,64
20.34871196746826,0
20.359834909439087,0
20.370955228805542,64
20.382176876068115,0
20.39344310760498,64
20.404698848724365,0
20.415968656539917,64
20.42721700668335,64
20.43846297264099,64
20.449711084365845,128
20.46095871925354,0
20.472201108932495,0
20.48361873626709,64
20.494762897491455,0
20.505878925323486,128
20.516991138458252,128
20.528103351593018,128
20.539219617843628,64
20.550328969955444,64
20.561436891555786,128
20.572548389434814,0
20.583818674087524,0
20.595163583755493,0
20.606427431106567,0
20.61768412590027,64
20.628934144973755,0
20.64017653465271,0
20.651421308517456,64
20.6626718044281,64
20.673961400985718,64
20.685330867767334,0
20.69654130935669,64
20.70768094062805,128
20.718796253204346,0
20.729908227920532,0
20.741021394729614,0
20.752135753631592,192
20.76325035095215,128
20.77438259124756,128
20.78562068939209,0
20.796897649765015,0
20.808151960372925,0
20.819401264190674,0
20.830646753311157,64
20.841891527175903,0
20.85313868522644,64
20.86440348625183,64
20.875656604766846,0
20.88702416419983,64
20.898163557052612,0
20.909281969070435,64
20.92039704322815,128
20.931506395339966,64
20.94262170791626,0
20.953777551651,192
20.964897632598877,128
20.976011753082275,0
20.98723340034485,64
20.998506784439087,0
21.0097599029541,0
21.021008729934692,64
21.032252550125122,64
21.04355525970459,64
21.05481219291687,0
21.066055059432983,0
21.07730722427368,64
21.088679790496826,64
21.09982132911682,64
21.110934495925903,0
21.122049808502197,0
21.133163690567017,0
21.144275188446045,0
21.15538787841797,0
21.166503190994263,192
21.177619457244873,64
21.18883728981018,0
21.200106143951416,64
21.211359977722168,0
21.222615003585815,128
21.23391056060791,128
21.245155334472656,0
21.256412267684937,0
21.26766061782837,64
21.2789044380188,0
21.290275812149048,0
21.30144762992859,0
21.312572717666626,0
21.323731184005737,0
21.33485245704651,0
21.345964193344116,0
21.357078313827515,128
21.368189811706543,64
21.379314661026,0
21.390549659729004,0
21.40182137489319,64
21.413078546524048,0
21.424331426620483,0
21.435572624206543,0
21.44681715965271,0
21.45806336402893,128
21.469314336776733,128
21.480560302734375,0
21.491929292678833,64
21.503072500228882,128
21.51419162750244,64
21.52530336380005,128
21.53641676902771,64
21.54754066467285,0
21.558654069900513,0
21.56976819038391,64
21.58087944984436,64
21.59209966659546,0
21.603388786315918,0
21.614649057388306,64
21.62589192390442,128
21.637137174606323,0
21.64838480949402,64
21.65963625907898,64
21.670881748199463,0
21.682127714157104,64
21.693545818328857,0
21.704694032669067,64
21.715824127197266,0
21.726972579956055,64
21.73811173439026,64
21.74923038482666,0
21.760342359542847,64
21.771453619003296,192
21.782567262649536,64
21.793848037719727,0
21.805123567581177,64
21.816379070281982,0
21.82763648033142,64
21.83888268470764,0
21.850131034851074,128
21.861373901367188,64
21.872621297836304,128
21.88398027420044,64
21.8953640460968,128
21.906543254852295,64
21.917667865753174,0
21.92877697944641,0
21.939890384674072,0
21.95100688934326,0
21.962117910385132,128
21.973336458206177,0
21.984498262405396,0
21.99565863609314,0
22.006861686706543,0
22.018011569976807,0
22.029141902923584,128
22.04025411605835,64
22.051360607147217,0
22.062472105026245,0
22.073630809783936,128
22.08474564552307,0
22.095968008041382,0
22.107237339019775,64
22.118489265441895,0
22.12973427772522,0
22.140980005264282,0
22.152228355407715,64
22.163522005081177,0
22.174776554107666,128
22.18602466583252,64
22.1973876953125,0
22.208524465560913,128
22.219648122787476,64
22.23076033592224,64
22.241870880126953,0
22.252988815307617,64
22.2641019821167,0
22.2752103805542,64
22.286315441131592,0
22.29753541946411,0
22.308807373046875,0
22.320055723190308,64
22.331303358078003,64
22.34255361557007,64
22.353861808776855,64
22.365110397338867,128
22.376352787017822,0
22.38759160041809,0
22.398977041244507,64
22.41011691093445,64
22.421239852905273,128
22.432348489761353,0
22.44349694252014,0
22.45460796356201,64
22.465721130371094,0
22.47683596611023,64
22.487942695617676,128
22.499210596084595,192
22.510488271713257,0
22.52174210548401,64
22.53303074836731,64
22.544282913208008,128
22.555522918701172,64
22.566765546798706,64
22.578015327453613,64
22.589261531829834,0
22.60064458847046,64
22.611788988113403,0
22.622942686080933,0
22.63406801223755,128
22.645182132720947,128
22.65629816055298,0
22.66741156578064,0
22.678521871566772,0
22.689628839492798,0
22.70084261894226,0
22.712110996246338,0
22.72337555885315,64
22.73462700843811,0
22.745875358581543,64
22.757120847702026,128
22.76836657524109,0
22.779635906219482,0
22.790886878967285,64
22.80225443840027,64
22.813392639160156,64
22.82451844215393,0
22.83563733100891,0
22.846750020980835,128
22.857885599136353,128
22.86900496482849,0
22.880109071731567,0
22.89121651649475,0
22.902432441711426,0
22.91395664215088,0
22.92522668838501,0
22.93647813796997,64
22.947729110717773,64
22.958971738815308,0
22.97021770477295,0
22.98146152496338,0
22.992709159851074,0
23.004151821136475,0
23.01531720161438,64
23.026458024978638,64
23.037588119506836,0
23.04872179031372,0
23.05985713005066,0
23.071051359176636,64
23.0822114944458,192
23.093363046646118,0
23.104597330093384,0
23.11591100692749,64
23.127191066741943,64
23.13846206665039,0
23.14973211288452,0
23.161007404327393,0
23.172284841537476,0
23.183656930923462,128
23.194950342178345,0
23.206378698349,64
23.217567205429077,64
23.228725910186768,0
23.239880561828613,0
23.25103497505188,128
23.2621853351593,0
23.2733416557312,0
23.28452754020691,0
23.295679330825806,0
23.30688190460205,64
23.318037271499634,128
23.329187631607056,0
23.34034299850464,0
23.351500749588013,64
23.362651586532593,64
23.373867511749268,0
23.385024070739746,0
23.396177291870117,0
23.40744948387146,0
23.418780088424683,0
23.43008279800415,0
23.44137167930603,0
23.452667236328125,0
23.46401071548462,64
23.475311279296875,64
23.48660182952881,64
23.497896909713745,128
23.50932216644287,0
23.520524740219116,128
23.5316903591156,192
23.54289984703064,64
23.554060459136963,0
23.565211057662964,0
23.57636570930481,0
23.587520837783813,0
23.598684549331665,128
23.609890699386597,0
23.62104892730713,128
23.632195234298706,0
23.643348693847656,192
23.654502153396606,0
23.66565465927124,64
23.676815509796143,0
23.68796944618225,0
23.699158430099487,0
23.71044135093689,0
23.72176694869995,0
23.7330801486969,64
23.74437427520752,0
23.75567603111267,64
23.766972541809082,64
23.77826952934265,64
23.78956413269043,64
23.800857067108154,128
23.81228542327881,128
23.823559522628784,0
23.834738731384277,128
23.84589910507202,64
23.857062578201294,0
23.868220567703247,128
23.879380702972412,0
23.890536785125732,64
23.90168809890747,0
23.91298270225525,64
23.92416477203369,0
23.93532967567444,0
23.946487426757812,0
23.957645654678345,0
23.968804359436035,64
23.97995948791504,64
23.99111795425415,64
24.002272844314575,64
24.013601303100586,64
24.024928331375122,0
24.03623652458191,64
24.04753613471985,64
24.0588321685791,0
24.070125579833984,64
24.08142352104187,0
24.092712879180908,64
24.104052305221558,0
24.115484714508057,64
24.126673698425293,64
24.137835264205933,64
24.148993015289307,128
24.160154581069946,0
24.171308755874634,64
24.182466983795166,192
24.19368624687195,128
24.204843759536743,0
24.216050624847412,64
24.22720694541931,128
24.238358974456787,0
24.249519109725952,64
24.26067352294922,128
24.271828413009644,64
24.28302025794983,64
24.294172525405884,64
24.305359601974487,64
24.316640615463257,0
24.327967643737793,0
24.339274168014526,0
24.350571155548096,64
24.36185908317566,0
24.373161554336548,64
24.38446068763733,0
24.395753383636475,0
24.40722942352295,64
24.418675899505615,64
24.429867029190063,0
24.441038370132446,0
24.452195405960083,192
24.463355541229248,0
24.474514961242676,0
24.485673666000366,128
24.496825218200684,64
24.50797438621521,0
24.519174814224243,0
24.530327558517456,0
24.541488885879517,64
24.55264687538147,64
24.563908576965332,0
24.575100421905518,64
24.58626675605774,64
24.597423315048218,128
24.608582496643066,192
24.619863748550415,64
24.63120150566101,0
24.642505645751953,0
24.653854370117188,0
24.6651554107666,64
24.67645001411438,0
24.687745094299316,64
24.699039220809937,0
24.710339546203613,0
24.721771001815796,64
24.73300814628601,0
24.74417519569397,0
24.755329370498657,192
24.766481637954712,0
24.777638912200928,0
24.78879404067993,64
24.79994821548462,64
24.811099767684937,0
24.82230567932129,64
24.833496570587158,0
24.844658136367798,0
24.855834484100342,0
24.866994380950928,64
24.87814950942993,0
24.889302492141724,0
24.9004807472229,0
24.9116427898407,0
24.92297339439392,0
24.934322834014893,64
24.94563913345337,64
24.956955432891846,0
24.968255758285522,64
24.979554653167725,0
24.990849494934082,64
25.002143144607544,0
25.013437509536743,0
25.024856567382812,0
25.03603959083557,0
25.047200202941895,64
25.058353185653687,128
25.069509744644165,0
25.08065962791443,0
25.091806650161743,128
25.10302233695984,64
25.11419105529785,0
25.12540078163147,0
25.13656234741211,0
25.147722244262695,64
25.158875226974487,0
25.17003059387207,64
25.18117880821228,64
25.192328691482544,64
25.20352578163147,0
25.214684009552002,0
25.2259578704834,0
25.23728322982788,64
25.248586654663086,64
25.259878158569336,0
25.271172046661377,0
25.282463788986206,0
25.293824672698975,64
25.30512523651123,128
25.316423416137695,0
25.327843189239502,0
25.33902883529663,0
25.35018563270569,0
25.361339330673218,0
25.37249493598938,128
25.383689641952515,128
25.39485192298889,0
25.406010627746582,64
25.41716766357422,0
25.428367853164673,64
25.43952703475952,64
25.450678825378418,128
25.461833715438843,192
25.47304058074951,64
25.484217166900635,0
25.495378971099854,128
25.506563425064087,192
25.51772141456604,64
25.52899670600891,0
25.540323734283447,64
25.551625967025757,0
25.562978982925415,64
25.574284553527832,0
25.585586547851562,64
25.59688425064087,0
25.608185529708862,0
25.619478702545166,0
25.630911827087402,128
25.642097234725952,64
25.65326952934265,128
25.664423942565918,64
25.675578832626343,0
25.686736583709717,192
25.6978862285614,0
25.70903968811035,0
25.720197200775146,0
25.731409311294556,192
25.742563486099243,0
25.7537784576416,128
25.76492953300476,0
25.77608323097229,64
25.78723669052124,128
25.798389673233032,0
25.80954384803772,128
25.820693016052246,0
25.83196496963501,0
25.843289852142334,0
25.854590892791748,128
25.865890741348267,128
25.877183198928833,0
25.88847780227661,64
25.89979386329651,0
25.91110134124756,64
25.922400951385498,64
25.93389868736267,128
25.94508719444275,0
25.95624828338623,64
25.967409133911133,0
25.978567361831665,0
25.98972463607788,64
26.00088357925415,64
26.01203989982605,0
26.023192405700684,0
26.03439235687256,64
26.045546531677246,64
26.05670142173767,128
26.067853450775146,64
26.079008102416992,0
26.090157747268677,64
26.101322889328003,0
26.112491130828857,0
26.123708963394165,128
26.135013103485107,128
26.146396160125732,64
26.157727241516113,64
26.16904067993164,64
26.180346965789795,0
26.19165563583374,64
26.20300316810608,128
26.214311838150024,128
26.22560691833496,0
26.237053155899048,64
26.248241186141968,128
26.259409427642822,128
26.27056074142456,128
26.281713485717773,0
26.292914390563965,64
26.304309844970703,0
26.315605878829956,128
26.32682466506958,0
26.338053464889526,128
26.349215507507324,0
26.36037302017212,64
26.37153124809265,0
26.382685899734497,64
26.393882274627686,0
26.405040740966797,64
26.416213035583496,0
26.427371978759766,64
26.438653707504272,192
26.449977159500122,64
26.461288690567017,64
26.472586631774902,0
26.48401927947998,0
26.49533247947693,64
26.506633520126343,128
26.5179340839386,0
26.52922797203064,0
26.54066276550293,128
26.551849603652954,0
26.5630145072937,192
26.57417345046997,64
26.585340976715088,0
26.596497535705566,64
26.607657432556152,0
26.618809938430786,64
26.62996196746826,0
26.641163110733032,0
26.6523175239563,0
26.663524627685547,0
26.674689054489136,128
26.68584132194519,0
26.69699764251709,0
26.708186864852905,0
26.719345808029175,0
26.730512380599976,0
26.741798639297485,128
26.75313138961792,64
26.76443600654602,0
26.77573299407959,128
26.78702473640442,0
26.798319339752197,0
26.80961275100708,64
26.820910930633545,64
26.8322012424469,0
26.843690872192383,64
26.854877948760986,0
26.866037845611572,0
26.877192974090576,0
26.888352632522583,128
26.899505615234375,0
26.910658597946167,0
26.921807765960693,0
26.93300151824951,64
26.94424295425415,0
26.955402374267578,64
26.966561317443848,192
26.977715730667114,0
26.988870859146118,0
27.000025033950806,192
27.011184453964233,192
27.022367238998413,64
27.033586978912354,64
27.044873237609863,0
27.056195497512817,0
27.067497968673706,64
27.078797340393066,128
27.090091466903687,0
27.101387977600098,0
27.112679719924927,128
27.124006032943726,0
27.13530421257019,64
27.146727323532104,0
27.157914876937866,0
27.169079780578613,64
27.180241107940674,128
27.191402435302734,64
27.20255398750305,128
27.21377396583557,0
27.22493600845337,64
27.236090183258057,0
27.247295379638672,0
27.25845694541931,64
27.269608974456787,0
27.28076481819153,64
27.291919469833374,128
27.303096055984497,64
27.31426477432251,0
27.325419425964355,0
27.336568355560303,0
27.347845315933228,128
27.359171628952026,0
27.370473861694336,128
27.381768465042114,0
27.39306902885437,0
27.404371738433838,0
27.41567373275757,128
27.427005767822266,64
27.43831205368042,0
27.449743270874023,0
27.460926055908203,0
27.472084045410156,0
27.483240842819214,128
27.494397401809692,0
27.50555419921875,128
27.51671862602234,128
27.52787208557129,64
27.539028644561768,64
27.550238609313965,0
27.561392307281494,64
27.572546243667603,128
27.58376383781433,128
27.59492039680481,64
27.60609459877014,64
27.61725425720215,64
27.62841033935547,64
27.639569997787476,64
27.65084147453308,128
27.662163496017456,0
27.673465490341187,0
27.684773206710815,64
27.696080923080444,64
27.70737862586975,64
27.71867322921753,0
27.72996473312378,64
27.74126124382019,64
27.752686738967896,64
27.763920545578003,128
27.775090217590332,64
27.78624677658081,0
27.797402143478394,64
27.80855703353882,128
27.819708824157715,0
27.83085823059082,128
27.842012643814087,64
27.85321617126465,64
27.8643741607666,128
27.875526666641235,0
27.886683225631714,0
27.89783263206482,0
27.90900993347168,192
27.92017149925232,0
27.931324243545532,0
27.942482471466064,64
27.95382785797119,0
27.965155601501465,0
27.976479053497314,0
27.987790822982788,64
27.99908709526062,128
28.010387897491455,64
28.021687984466553,0
28.03303098678589,0
28.04433536529541,64
28.055769681930542,128
28.066954851150513,128
28.078115701675415,64
28.089271068572998,0
28.100421905517578,64
28.11157488822937,64
28.12273120880127,128
28.13388967514038,128
28.145044326782227,0
28.156240463256836,64
28.167396306991577,0
28.17854952812195,64
28.189698219299316,0
28.200852870941162,0
28.212008714675903,0
28.223169326782227,0
28.23431706428528,0
28.245474576950073,0
28.256754159927368,64
28.268076419830322,0
28.279375791549683,0
28.290685653686523,64
28.301986932754517,64
28.31328272819519,64
28.32457423210144,0
28.335870504379272,64
28.347161769866943,0
28.35858392715454,64
28.369768142700195,0
28.380932807922363,0
28.392086267471313,0
28.40323805809021,0
28.414432287216187,64
28.425591945648193,192
28.436746835708618,0
28.447901010513306,0
28.459113121032715,64
28.470280170440674,64
28.481441736221313,128
28.492598295211792,64
28.503861665725708,128
28.515049934387207,0
28.526215314865112,0
28.53737473487854,128
28.54853320121765,0
28.559807777404785,128
28.57113218307495,0
28.582438230514526,0
28.593781232833862,64
28.605085372924805,0
28.61638617515564,0
28.6276912689209,0
28.63898801803589,0
28.6502845287323,0
28.66171669960022,64
28.672958850860596,128
28.684133529663086,128
28.69528865814209,0
28.706441640853882,64
28.71760058403015,64
28.728759765625,128
28.73991346359253,128
28.751065492630005,64
28.762271404266357,64
28.77346658706665,64
28.78462839126587,64
28.795790672302246,64
28.806942462921143,0
28.81809401512146,0
28.829248189926147,192
28.840401649475098,0
28.851556539535522,64
28.86289072036743,64
28.874216556549072,64
28.8855299949646,64
28.89682626724243,64
28.908121824264526,0
28.91941261291504,0
28.930707931518555,128
28.942001342773438,0
28.953298807144165,0
28.96460270881653,128
28.975789785385132,128
28.986947298049927,128
28.99810266494751,192
29.009260892868042,64
29.02043604850769,0
29.031628131866455,0
29.042794227600098,128
29.053964376449585,64
29.06524658203125,0
29.076569080352783,64
29.087876081466675,64
29.099199771881104,0
29.11052966117859,64
29.121828079223633,0
29.13312792778015,64
29.14443302154541,64
29.15572953224182,64
29.167168855667114,0
29.17835569381714,64
29.189520835876465,128
29.20068097114563,192
29.211906909942627,64
29.22310519218445,0
29.234286546707153,0
29.245460987091064,128
29.256625652313232,128
29.26783299446106,0
29.278987646102905,64
29.290148735046387,64
29.301297426223755,64
29.31244993209839,192
29.323678731918335,128
29.3348388671875,64
29.345993041992188,128
29.35714817047119,0
29.368422031402588,64
29.37974190711975,64
29.391042709350586,0
29.40233612060547,0
29.413681745529175,64
29.424978017807007,0
29.436272144317627,0
29.447566270828247,64
29.4588565826416,0
29.47028875350952,0
29.481470584869385,0
29.49263858795166,64
29.5038640499115,128
29.51502227783203,0
29.526177644729614,0
29.537330150604248,0
29.54848289489746,128
29.559643030166626,64
29.570857763290405,128
29.58201766014099,0
29.593170404434204,0
29.60433053970337,0
29.61548662185669,0
29.626641273498535,64
29.63779616355896,0
29.648964643478394,0
29.660120725631714,0
29.671395540237427,64
29.682716131210327,0
29.694068908691406,0
29.7053701877594,128
29.7167067527771,64
29.72800588607788,64
29.739299535751343,0
29.750604391098022,0
29.761903762817383,0
29.773345708847046,64
29.784533500671387,64
29.795697927474976,0
29.806852340698242,0
29.81800866127014,64
29.82916259765625,0
29.840315341949463,128
29.851468324661255,0
29.86262536048889,64
29.873894691467285,128
29.88504648208618,0
29.896201372146606,64
29.907352209091187,0
29.918506383895874,0
29.929662704467773,64
29.9408175945282,64
29.95196557044983,0
29.963128805160522,64
29.974409580230713,128
29.98573660850525,0
29.997037410736084,64
30.008334636688232,0
30.01963472366333,64
30.03093147277832,0
30.04222321510315,0
30.053630352020264,64
30.06495714187622,0
30.076404571533203,64
30.087599754333496,0
30.09876799583435,64
30.109923839569092,0
30.121078729629517,64
30.13223624229431,0
30.143392324447632,0
30.15454602241516,0
30.1657075881958,128
30.176913499832153,0
30.188066959381104,0
30.199219703674316,0
30.21037769317627,128
30.22153902053833,64
30.23269534111023,0
30.243909120559692,0
30.25507402420044,0
30.266238927841187,0
30.277551889419556,0
30.28888463973999,128
30.30018973350525,128
30.311506271362305,0
30.32280659675598,64
30.334166765213013,64
30.345459938049316,64
30.35675358772278,64
30.36805009841919,128
30.379483222961426,0
30.390666484832764,0
30.401825666427612,64
30.413031339645386,64
30.424177169799805,128
30.435301780700684,128
30.446426391601562,0
30.457548141479492,0
30.468677043914795,0
30.479912042617798,0
30.4912006855011,0
30.502469062805176,0
30.51384687423706,128
30.525121212005615,64
30.536386728286743,64
30.547655820846558,64
30.55892252922058,64
30.570184469223022,64
30.581582069396973,64
30.59273362159729,64
30.603872776031494,64
30.615006685256958,0
30.626140594482422,128
30.638154983520508,192
30.649970293045044,64
30.661800622940063,0
30.67345643043518,256
30.685068368911743,0
30.696665287017822,0
30.70816707611084,128
30.719394207000732,0
30.73056173324585,0
30.741692066192627,64
30.752925634384155,0
30.764086961746216,64
30.77523636817932,64
30.786430835723877,64
30.797567129135132,0
30.80869197845459,64
30.8198139667511,0
30.83094310760498,128
30.842066764831543,128
30.85319209098816,0
30.864318370819092,0
30.875441312789917,128
30.886691093444824,0
30.897979259490967,128
30.909286737442017,0
30.92056155204773,0
30.931825399398804,0
30.943091869354248,0
30.95436716079712,128
30.96562957763672,64
30.97689652442932,0
30.988300323486328,64
30.99945831298828,0
31.010589122772217,0
31.021716117858887,64
31.032915353775024,128
31.044047832489014,64
31.055179595947266,0
31.066317319869995,0
31.077446937561035,0
31.088685750961304,0
31.100014448165894,64
31.11129331588745,0
31.122562408447266,0
31.133874654769897,64
31.14514684677124,0
31.15640664100647,0
31.16766881942749,64
31.17895483970642,0
31.190354585647583,0
31.20151376724243,0
31.212646484375,128
31.22383689880371,0
31.234967947006226,0
31.24609375,0
31.257219791412354,128
31.26834988594055,64
31.279479265213013,0
31.290722846984863,0
31.302021026611328,0
31.31329083442688,64
31.32454776763916,0
31.335812091827393,0
31.347073554992676,0
31.35834050178528,64
31.369600296020508,0
31.38085961341858,0
31.392256498336792,64
31.40346336364746,64
31.414605379104614,0
31.42573356628418,128
31.436862468719482,64
31.447990894317627,64
31.459115982055664,0
31.470240116119385,0
31.48136830329895,128
31.492605209350586,0
31.503938913345337,0
31.515244245529175,128
31.52651596069336,0
31.537789821624756,0
31.549050331115723,128
31.56031584739685,128
31.571571588516235,0
31.583073139190674,0
31.594534397125244,64
31.605846643447876,0
31.61703395843506,192
31.628175973892212,0
31.639302015304565,0
31.65043044090271,128
31.661558628082275,128
31.67268443107605,0
31.68386960029602,128
31.695059061050415,128
31.706190824508667,0
31.71732234954834,128
31.72844958305359,64
31.73957324028015,64
31.75069832801819,64
31.76181650161743,64
31.77298402786255,128
31.78411364555359,0
31.795371294021606,64
31.8066623210907,0
31.817931175231934,0
31.829195499420166,0
31.84045696258545,0
31.851718187332153,0
31.863041162490845,64
31.874313592910767,0
31.885576009750366,64
31.89696717262268,64
31.908125162124634,0
31.91925549507141,64
31.930378913879395,0
31.941503763198853,128
31.9526309967041,64
31.963809490203857,64
31.974937200546265,128
31.98606038093567,0
31.997297286987305,0
32.00858759880066,128
32.01989674568176,0
32.03117895126343,64
32.0424485206604,0
32.05377984046936,0
32.065051317214966,128
32.0763201713562,128
32.08758521080017,64
32.09898138046265,64
32.11016798019409,0
32.12130784988403,64
32.13243556022644,0
32.143635749816895,0
32.15477633476257,0
32.16590428352356,0
32.177021741867065,0
32.18814659118652,0
32.19946813583374,64
32.21078443527222,64
32.22211837768555,128
32.23340845108032,0
32.24469542503357,64
32.25595736503601,0
32.26721262931824,0
32.27847743034363,64
32.289738178253174,64
32.30114245414734,0
32.31229591369629,128
32.32349491119385,0
32.334622383117676,0
32.34574484825134,0
32.35686683654785,0
32.36798906326294,64
32.37911105155945,192
32.39023756980896,0
32.40147566795349,0
32.412803173065186,0
32.42414307594299,64
32.435410499572754,0
32.44666790962219,0
32.45792531967163,128
32.469191789627075,0
32.48045873641968,64
32.49172043800354,0
32.50312304496765,64
32.514281034469604,64
32.525408029556274,0
32.536526918411255,0
32.547648906707764,0
32.55877423286438,0
32.569899797439575,128
32.58102369308472,64
32.59214758872986,0
32.60339832305908,0
32.614705085754395,64
32.62598133087158,128
32.6372549533844,128
32.64851760864258,0
32.65977621078491,0
32.67103576660156,0
32.68229675292969,0
32.69360065460205,0
32.704999923706055,0
32.71621060371399,128
32.72735619544983,64
32.738486528396606,128
32.7496132850647,128
32.76074433326721,64
32.771867990493774,0
32.78299570083618,64
32.79412651062012,64
32.80536484718323,0
32.81666398048401,64
32.827930212020874,0
32.83919668197632,128
32.8504524230957,64
32.86171293258667,0
32.87303137779236,0
32.88430070877075,0
32.895570516586304,64
32.906954526901245,0
32.91810894012451,0
32.92923974990845,0
32.940359592437744,0
32.951483488082886,128
32.9626088142395,0
32.973777055740356,0
32.984909534454346,0
32.99603295326233,0
33.00726890563965,0
33.018553495407104,0
33.02982020378113,192
33.04108214378357,0
33.05234241485596,0
33.06367897987366,0
33.07496237754822,64
33.08622336387634,128
33.09748148918152,64
33.10888481140137,64
33.120043992996216,64
33.13119721412659,0
33.1423282623291,64
33.153496742248535,0
33.16462588310242,0
33.17577242851257,0
33.18690013885498,64
33.198028802871704,0
33.2092719078064,64
33.22056341171265,128
33.23183274269104,0
33.24309968948364,64
33.25439667701721,0
33.26566934585571,64
33.27693557739258,0
33.2881965637207,0
33.299458742141724,0
33.310890913009644,0
33.32205271720886,0
33.333192348480225,0
33.34431767463684,0
33.35544037818909,0
33.36656999588013,0
33.377692461013794,0
33.388816595077515,128
33.3999388217926,0
33.4111909866333,0
33.422478675842285,0
33.43381929397583,64
33.445080518722534,64
33.45633864402771,0
33.467602252960205,128
33.47886323928833,0
33.49012565612793,64
33.50139021873474,64
33.51278305053711,64
33.523948669433594,64
33.53508114814758,0
33.54620838165283,64
33.55733060836792,0
33.568453550338745,0
33.579575538635254,0
33.59070348739624,64
33.601826429367065,192
33.613067865371704,64
33.6243634223938,64
33.63563680648804,128
33.64690017700195,0
33.65816688537598,128
33.669429063797,0
33.680686712265015,0
33.69194674491882,0
33.703202962875366,0
33.71448254585266,128
33.72563099861145,0
33.736762285232544,64
33.74788784980774,64
33.75901460647583,0
33.77014422416687,64
33.78126907348633,64
33.79239511489868,0
33.80358290672302,0
33.81483316421509,0
33.82612347602844,0
33.83739471435547,192
33.84866452217102,64
33.859925270080566,0
33.871187686920166,0
33.88244605064392,64
33.89375591278076,64
33.905025243759155,128
33.9164605140686,0
33.927621603012085,128
33.938753604888916,0
33.9498827457428,0
33.961007833480835,128
33.97213673591614,128
33.98326826095581,64
33.9943950176239,0
34.005520820617676,128
34.01676034927368,64
34.028048276901245,64
34.0393168926239,0
34.05057621002197,0
34.06187319755554,64
34.07314443588257,64
34.08441090583801,64
34.095675468444824,128
34.106940269470215,64
34.118329763412476,0
34.12948155403137,0
34.140618085861206,128
34.15174889564514,64
34.162933111190796,64
34.174071311950684,128
34.185203313827515,192
34.196329832077026,0
34.20745301246643,128
34.218719482421875,192
34.230024099349976,0
34.241294860839844,64
34.252562284469604,64
34.263874530792236,64
34.27514147758484,0
34.28640103340149,64
34.297661542892456,0
34.308921337127686,64
34.320305824279785,0
34.33151841163635,0
34.34307289123535,0
34.35434651374817,0
34.36554932594299,64
34.37669920921326,0
34.38787341117859,64
34.39904856681824,0
34.410226583480835,0
34.42144703865051,64
34.43261981010437,128
34.443801164627075,0
34.45498871803284,0
34.46618342399597,128
34.4773325920105,64
34.48846220970154,128
34.49958801269531,64
34.510725021362305,128
34.522016286849976,0
34.53330612182617,0
34.54457926750183,64
34.55584764480591,64
34.567107915878296,0
34.578370332717896,0
34.5896315574646,0
34.60089874267578,64
34.61216640472412,64
34.62363600730896,128
34.63485860824585,0
34.646015644073486,128
34.65714883804321,64
34.66828989982605,128
34.679423332214355,128
34.690550088882446,64
34.701677322387695,128
34.712801933288574,64
34.72407650947571,64
34.73541784286499,0
34.746710538864136,0
34.75797891616821,64
34.769251346588135,0
34.780580282211304,0
34.79189991950989,0
34.803231716156006,64
34.81452250480652,0
34.825814723968506,128
34.836997270584106,0
34.84813690185547,0
34.85929727554321,64
34.87044072151184,128
34.881577491760254,128
34.892706632614136,0
34.90390229225159,0
34.91503620147705,0
34.92628812789917,0
34.937579870224,64
34.94885468482971,64
34.96012902259827,64
34.97139763832092,128
34.98270606994629,64
34.99403977394104,0
35.005303621292114,0
35.016576528549194,128
35.02797794342041,64
35.03913736343384,192
35.05027413368225,0
35.06139826774597,0
35.072526693344116,64
35.083720207214355,64
35.0948531627655,128
35.10598015785217,128
35.1171395778656,0
35.1283962726593,128
35.13970446586609,64
35.151023626327515,0
35.16230082511902,64
35.173619985580444,0
35.18490219116211,64
35.196171283721924,64
35.207433462142944,0
35.218700647354126,0
35.2301025390625,0
35.24126386642456,0
35.25239157676697,0
35.2636022567749,0
35.27473735809326,128
35.28586459159851,128
35.29699635505676,64
35.308127641677856,0
35.31931471824646,0
35.330578327178955,128
35.341896057128906,0
35.353195905685425,0
35.364466428756714,128
35.37574577331543,0
35.38701391220093,0
35.398277759552,64
35.40954327583313,0
35.42080736160278,0
35.432204723358154,0
35.4433708190918,128
35.454516887664795,128
35.46565008163452,64
35.476784229278564,0
35.487915992736816,64
35.49903845787048,0
35.51016592979431,0
35.5212881565094,128
35.532530069351196,64
35.54388380050659,0
35.555209159851074,64
35.56649088859558,0
35.57776165008545,64
35.58904457092285,128
35.60031509399414,0
35.611576557159424,0
35.62288546562195,0
35.63431143760681,0
35.645472288131714,0
35.65678834915161,0
35.66795802116394,0
35.67909097671509,0
35.69022083282471,128
35.70136117935181,128
35.712493658065796,128
35.72376537322998,128
35.73502588272095,0
35.74618744850159,64
35.75732612609863,0
35.76846218109131,64
35.77959680557251,64
35.790727615356445,0
35.801857233047485,128
35.81298875808716,128
35.82411336898804,64
35.835362911224365,0
35.84665513038635,64
35.857927083969116,0
35.86919331550598,64
35.880452394485474,0
35.89171648025513,64
35.90304899215698,64
35.91432452201843,64
35.92559003829956,64
35.936981439590454,0
35.94814324378967,0
35.959306716918945,0
35.97046899795532,0
35.981666564941406,64
35.992796659469604,128
36.003947734832764,0
36.01507592201233,64
36.02621150016785,0
36.037461280822754,64
36.04875302314758,0
36.06002330780029,0
36.07129192352295,0
36.08261466026306,64
36.09396719932556,64
36.10524225234985,0
36.116511821746826,0
36.1277801990509,0
36.13917136192322,0
36.15033459663391,0
36.16147017478943,0
36.17260026931763,128
36.183783531188965,0
36.19491147994995,192
36.20603060722351,0
36.217162132263184,0
36.228291273117065,0
36.2395384311676,128
36.25082206726074,128
36.26208853721619,0
36.273351430892944,0
36.284613609313965,0
36.295896768569946,0
36.307159423828125,0
36.3184494972229,64
36.32971549034119,0
36.341102838516235,0
36.35226130485535,0
36.36345314979553,64
36.37472176551819,64
36.38589668273926,0
36.39710235595703,128
36.40846657752991,128
36.41965293884277,64
36.4308340549469,0
36.442071199417114,64
36.453272342681885,0
36.46442365646362,64
36.47563624382019,0
36.4867901802063,0
36.49792242050171,64
36.509060859680176,0
36.52018713951111,64
36.531304121017456,0
36.54255676269531,128
36.55397081375122,64
36.56525683403015,0
36.57652449607849,64
36.58779001235962,0
36.59904646873474,64
36.61030721664429,0
36.62157225608826,0
36.63287878036499,64
36.64427900314331,0
36.65544128417969,128
36.66657495498657,192
36.67770957946777,192
36.6888313293457,128
36.69996476173401,128
36.711092710494995,64
36.722238063812256,0
36.73337388038635,128
36.74461841583252,64
36.75591778755188,0
36.767181158065796,0
36.778441429138184,0
36.789703607559204,64
36.80096793174744,64
36.81222939491272,64
36.82356262207031,64
36.834829568862915,64
36.846219539642334,0
36.857380628585815,64
36.868518114089966,0
36.87964844703674,128
36.890775203704834,0
36.90189719200134,64
36.91302704811096,0
36.92418074607849,192
36.935312032699585,64
36.94655394554138,0
36.95784330368042,128
36.969117641448975,64
36.98037838935852,0
36.99171757698059,128
37.00301504135132,128
37.01429295539856,64
37.02555775642395,0
37.0368173122406,64
37.04821491241455,64
37.059366941452026,0
37.07049775123596,0
37.081629514694214,64
37.09275412559509,0
37.103880882263184,0
37.11500906944275,128
37.12613344192505,64
37.13725423812866,0
37.14848971366882,128