some more pawing
Mon Nov 13 17:44:07 2023
Buffer length: 687
Recording length: 3699
100
#
0.0031354427337646484,44928
0.014754056930541992,44800
0.02609848976135254,0
0.03742074966430664,64
0.04871630668640137,64
0.059996604919433594,64
0.0712587833404541,128
0.08252310752868652,0
0.09378314018249512,0
0.10503840446472168,64
0.11629796028137207,64
0.12755680084228516,128
0.1388547420501709,44864
0.1501293182373047,44928
0.1613926887512207,44864
0.17264485359191895,44928
0.18390297889709473,44928
0.195159912109375,44864
0.2064197063446045,44928
0.21767616271972656,44928
0.22898530960083008,44864
0.2402515411376953,44800
0.25151515007019043,44864
0.2627713680267334,44800
0.2740306854248047,44864
0.28690338134765625,44928
0.2983086109161377,44928
0.3096461296081543,44864
0.3209190368652344,44928
0.33217883110046387,44800
0.34343886375427246,44928
0.35469865798950195,44800
0.36595892906188965,44864
0.377211332321167,44864
0.3884694576263428,44800
0.3997948169708252,44864
0.4110698699951172,44864
0.4223294258117676,44864
0.43358755111694336,44928
0.44484376907348633,44864
0.45610642433166504,44800
0.4673609733581543,44864
0.4786190986633301,44864
0.48991966247558594,44864
0.5011742115020752,44864
0.5124287605285645,44928
0.5236837863922119,44864
0.534940242767334,44800
0.5461983680725098,44800
0.5574557781219482,44864
0.568706750869751,44992
0.5800564289093018,44864
0.5914895534515381,44992
0.602907657623291,44800
0.6141715049743652,44928
0.6254322528839111,44864
0.6367127895355225,44864
0.6479840278625488,44800
0.6592466831207275,44864
0.67051100730896,44864
0.6817672252655029,44864
0.6930830478668213,44928
0.7043468952178955,40768
0.7156126499176025,64
0.726874828338623,64
0.7381327152252197,0
0.7493970394134521,64
0.7606704235076904,45120
0.7719299793243408,44992
0.7831873893737793,44864
0.794503927230835,44864
0.8057684898376465,44928
0.8170218467712402,44864
0.8282806873321533,44864
0.8395884037017822,44928
0.8508529663085938,44864
0.8621096611022949,44864
0.8734297752380371,44864
0.8846907615661621,44864
0.8960099220275879,44800
0.9073002338409424,44928
0.9185657501220703,44864
0.929879903793335,44800
0.9411394596099854,44800
0.9524030685424805,44800
0.9636552333831787,44928
0.9749131202697754,44928
0.9861681461334229,44928
0.9974863529205322,44800
1.0087456703186035,44928
1.0200018882751465,44864
1.0312795639038086,44928
1.0425407886505127,44800
1.0537943840026855,44864
1.065056324005127,44992
1.0763213634490967,44928
1.0875813961029053,44928
1.0989413261413574,44800
1.110215663909912,44928
1.1214773654937744,44800
1.1327366828918457,44800
1.1439988613128662,44800
1.1552653312683105,44864
1.1665310859680176,44928
1.1777904033660889,44928
1.1890525817871094,44864
1.2003755569458008,44864
1.2116420269012451,44928
1.2229039669036865,44864
1.234161376953125,44928
1.2454519271850586,44800
1.2567155361175537,44800
1.2679755687713623,44928
1.2792463302612305,44800
1.2905046939849854,44800
1.3018333911895752,44800
1.313105821609497,44800
1.3243615627288818,44864
1.3356244564056396,0
1.3468880653381348,64
1.3581535816192627,0
1.3694629669189453,44800
1.3807334899902344,44800
1.3919949531555176,44928
1.4033088684082031,44864
1.4145760536193848,44800
1.4258410930633545,44800
1.437101125717163,44864
1.4483575820922852,44928
1.4598140716552734,44800
1.4711079597473145,44992
1.482379674911499,44864
1.4936645030975342,44928
1.5049960613250732,44800
1.5162630081176758,44864
1.5275189876556396,44800
1.5387780666351318,44800
1.5500850677490234,44864
1.5613429546356201,44800
1.572603464126587,44928
1.5838654041290283,44864
1.5951249599456787,44800
1.6064419746398926,44928
1.617704153060913,44800
1.6289989948272705,44864
1.6402702331542969,44736
1.6515281200408936,44864
1.6627917289733887,44800
1.6740553379058838,44864
1.6853153705596924,44800
1.6965672969818115,44864
1.7078790664672852,44736
1.7191457748413086,44928
1.7304012775421143,44928
1.7416558265686035,44864
1.7529141902923584,44864
1.764169454574585,44928
1.7754247188568115,44864
1.7866780757904053,44800
1.7979364395141602,44800
1.8092498779296875,44864
1.8205642700195312,44800
1.8318231105804443,44800
1.8430993556976318,44864
1.8543684482574463,44800
1.865628719329834,44864
1.8768889904022217,44928
1.8880093097686768,44864
1.8991408348083496,44800
1.9103217124938965,44864
1.9214491844177246,44800
1.932572603225708,44928
1.9437336921691895,44800
1.9548685550689697,44800
1.965991497039795,44864
1.977114200592041,44928
1.9882373809814453,44800
1.999415636062622,0
2.0106654167175293,64
2.021986961364746,64
2.0332672595977783,0
2.044534921646118,64
2.0557985305786133,64
2.0670604705810547,0
2.078322172164917,0
2.0896241664886475,44928
2.10088849067688,44800
2.1122851371765137,44800
2.1234326362609863,44864
2.134559392929077,44928
2.145686388015747,44992
2.156809091567993,44800
2.1679294109344482,44800
2.1790478229522705,44800
2.1901745796203613,44800
2.2012979984283447,44864
2.2125244140625,44928
2.223806381225586,44928
2.2350757122039795,44864
2.246335983276367,44864
2.257591485977173,44864
2.268899440765381,44928
2.2801687717437744,44928
2.2914376258850098,44608
2.3026959896087646,44864
2.314077138900757,44928
2.3252243995666504,44800
2.336352586746216,44928
2.34747576713562,44800
2.3586008548736572,44864
2.3698244094848633,44864
2.3809516429901123,44864
2.3920764923095703,44928
2.403200149536133,44928
2.414429187774658,44800
2.4257144927978516,44928
2.4369912147521973,44800
2.4482717514038086,44864
2.459588050842285,44928
2.4708542823791504,44864
2.4821135997772217,44800
2.493366003036499,44928
2.5046226978302,44800
2.516005039215088,44800
2.527148723602295,44800
2.538274049758911,44928
2.54943585395813,44928
2.5605618953704834,44928
2.571681499481201,44864
2.5828022956848145,44800
2.593916177749634,44800
2.605039596557617,44864
2.616264581680298,44800
2.627548933029175,44928
2.6388561725616455,44864
2.650139570236206,44928
2.661397695541382,44864
2.6726553440093994,44928
2.6839187145233154,44928
2.695180892944336,44800
2.70644474029541,44864
2.7178263664245605,0
2.7289836406707764,0
2.740109920501709,128
2.7512295246124268,0
2.7623515129089355,64
2.773472785949707,0
2.784590482711792,0
2.7957098484039307,128
2.806835651397705,44992
2.818063974380493,44928
2.8293538093566895,44864
2.8406310081481934,44864
2.851893424987793,44864
2.8631489276885986,44864
2.8744125366210938,44800
2.885673999786377,44800
2.896941661834717,44800
2.908200979232788,44800
2.9196298122406006,44864
2.930779457092285,44800
2.941906452178955,44928
2.953030586242676,44928
2.9641504287719727,44800
2.975306987762451,44928
2.986455202102661,44800
2.9975802898406982,44800
3.008704662322998,44800
3.019942283630371,44800
3.031219720840454,44800
3.0425326824188232,44736
3.053807020187378,44736
3.065068006515503,44800
3.0763232707977295,44864
3.087580919265747,44864
3.0988972187042236,44800
3.1101596355438232,44928
3.1215431690216064,44800
3.132695436477661,44736
3.143824815750122,44736
3.1549460887908936,44864
3.166069746017456,44864
3.177189588546753,44928
3.188312292098999,44800
3.1994688510894775,44864
3.2106032371520996,44928
3.2218356132507324,44864
3.2331104278564453,44800
3.2443718910217285,44800
3.255634307861328,44864
3.2668938636779785,44928
3.2781498432159424,44800
3.2894091606140137,44736
3.3008029460906982,44864
3.3122215270996094,44800
3.3236589431762695,44736
3.334845542907715,44864
3.34598445892334,44928
3.3571088314056396,44864
3.3682265281677246,44800
3.3793537616729736,44864
3.3905231952667236,44928
3.4016520977020264,44736
3.4127752780914307,44864
3.424006462097168,44864
3.435284376144409,44928
3.4465441703796387,44800
3.457798480987549,44928
3.4690628051757812,44800
3.480318069458008,44864
3.4915761947631836,44736
3.50283145904541,44928
3.5140929222106934,44864
3.5254716873168945,44864
3.5366125106811523,44864
3.547741651535034,44864
3.5589146614074707,44864
3.570042610168457,44864
3.5811660289764404,44864
3.592290163040161,44864
3.6034059524536133,44928
3.6145246028900146,44736
3.6257483959198,44928
3.6370277404785156,44864
3.6483283042907715,44736
3.6596479415893555,44800
3.6709141731262207,44800
3.682173252105713,44800
3.693434238433838,44800
3.7046895027160645,44800
3.715954065322876,44864
3.727341890335083,44864
3.7384889125823975,44864
3.7496700286865234,44736
3.760800838470459,44800
3.771923065185547,44864
3.7830398082733154,44800
3.794158935546875,44864
3.8052804470062256,44800
3.816403865814209,44736
3.82763934135437,44864
3.838958740234375,44800
3.850271463394165,44864
3.861539125442505,44800
3.8728041648864746,44736
3.8840692043304443,44864
3.895336389541626,44864
3.906602144241333,44928
3.9178667068481445,44864
3.929262161254883,44864
3.940410614013672,44736
3.9515395164489746,44800
3.9626686573028564,44800
3.973792552947998,44864
3.984919309616089,44736
3.996039867401123,44800
4.007166862487793,44864
4.018290281295776,44864
4.0296220779418945,0
4.040928363800049,64
4.052196502685547,0
4.063456296920776,44800
4.07471776008606,44736
4.08598256111145,44800
4.09724497795105,44800
4.108501195907593,44864
4.119808912277222,44864
4.131197452545166,44736
4.14235520362854,44928
4.153491497039795,44864
4.164622068405151,44864
4.1757519245147705,44800
4.186875581741333,44800
4.197997570037842,44736
4.209121227264404,44864
4.220245361328125,44800
4.231480360031128,44800
4.242793798446655,44800
4.2540693283081055,44800
4.265331506729126,44928
4.276591062545776,44800
4.2878522872924805,44928
4.299112796783447,44800
4.310371160507202,44800
4.321630477905273,44864
4.333024740219116,44864
4.344173192977905,128
4.355301856994629,40128
4.366426467895508,0
4.377553939819336,0
4.388676166534424,0
4.3998448848724365,0
4.410974979400635,192
4.422100305557251,192
4.433333873748779,64
4.444613933563232,0
4.4558868408203125,0
4.467149019241333,0
4.478408336639404,0
4.489723205566406,64
4.501021862030029,0
4.512278318405151,64
4.523621559143066,64
4.535028696060181,192
4.546196699142456,0
4.557358264923096,192
4.568498134613037,64
4.579670429229736,0
4.590802431106567,64
4.6019275188446045,0
4.613047122955322,0
4.62416934967041,128
4.635351181030273,0
4.646484613418579,0
4.6576087474823,0
4.668736934661865,192
4.679866075515747,0
4.69099235534668,0
4.702116012573242,0
4.713995695114136,64
4.725666761398315,0
4.736976385116577,0
4.748142957687378,192
4.759280443191528,0
4.7704057693481445,128
4.781526327133179,0
4.792657375335693,192
4.803781270980835,0
4.814897775650024,0
4.826019763946533,0
4.837266445159912,0
4.848619699478149,128
4.859987497329712,64
4.871261119842529,0
4.882524490356445,0
4.893789291381836,0
4.905063629150391,64
4.916336536407471,64
4.927601099014282,0
4.939002513885498,0
4.950160980224609,0
4.961296558380127,0
4.972421169281006,128
4.983546733856201,128
4.994678258895874,0
5.005805015563965,128
5.016933441162109,192
5.028057813644409,0
5.039296627044678,128
5.050574541091919,0
5.061871767044067,64
5.073143720626831,64
5.084407567977905,128
5.095666885375977,0
5.106931209564209,64
5.118197679519653,64
5.129510164260864,0
5.140782594680786,0
5.151930570602417,0
5.163061618804932,64
5.174190521240234,0
5.185320138931274,0
5.196447849273682,128
5.2075700759887695,64
5.21869158744812,64
5.229918956756592,64
5.2411723136901855,0
5.25246000289917,0
5.26373553276062,0
5.275003910064697,0
5.286266565322876,128
5.297524929046631,0
5.308783531188965,64
5.320114374160767,0
5.331378698348999,64
5.342754364013672,0
5.353913068771362,0
5.365043640136719,0
5.376168489456177,64
5.387295484542847,64
5.398426532745361,0
5.409592390060425,0
5.420717239379883,64
5.431846618652344,0
5.443155288696289,64
5.454453945159912,0
5.4657604694366455,64
5.47751522064209,0
5.4891273975372314,0
5.500504970550537,64
5.511799335479736,64
5.523070335388184,0
5.534347057342529,128
5.545757532119751,64
5.556913137435913,0
5.568047523498535,0
5.579172611236572,128
5.5903000831604,0
5.601423978805542,64
5.6125476360321045,0
5.6236865520477295,0
5.63481068611145,64
5.646049737930298,0
5.657335996627808,64
5.668602705001831,0
5.679932594299316,0
5.691198110580444,64
5.702462196350098,64
5.71372652053833,0
5.724987506866455,64
5.736254692077637,0
5.747643709182739,0
5.758841037750244,64
5.769981145858765,0
5.7811057567596436,0
5.792229652404785,128
5.803350925445557,0
5.814566135406494,128
5.825711011886597,0
5.836836576461792,0
5.848009824752808,0
5.85914158821106,0
5.870267152786255,64
5.88138484954834,128
5.892506122589111,0
5.903637647628784,0
5.914765357971191,128
5.925890922546387,128
5.937009811401367,0
5.948249578475952,64
5.959588289260864,128
5.9708571434021,0
5.982116460800171,64
5.9933788776397705,64
6.0046374797821045,64
6.015894174575806,0
6.027224779129028,128
6.038493871688843,192
6.05000114440918,128
6.061166048049927,64
6.072303533554077,0
6.08342981338501,0
6.094552993774414,0
6.105715274810791,0
6.116852283477783,64
6.127976417541504,192
6.139096975326538,0
6.150341033935547,64
6.161626815795898,64
6.172887802124023,64
6.184147596359253,0
6.195425271987915,0
6.2066919803619385,64
6.217951536178589,64
6.229218244552612,64
6.240483045578003,64
6.251868724822998,128
6.263014316558838,0
6.274150133132935,0
6.285276412963867,0
6.296394348144531,0
6.307514667510986,128
6.3186423778533936,64
6.329822301864624,0
6.34095573425293,192
6.352192401885986,0
6.363479137420654,0
6.374751567840576,0
6.386040925979614,64
6.397306442260742,64
6.4085705280303955,64
6.419936180114746,0
6.431207656860352,64
6.442484617233276,0
6.453870058059692,0
6.465020418167114,0
6.476155519485474,64
6.487276554107666,64
6.4983978271484375,0
6.509584903717041,64
6.520716428756714,128
6.531835317611694,0
6.542957544326782,64
6.554198980331421,64
6.565479278564453,64
6.576739072799683,0
6.5879974365234375,64
6.599258899688721,0
6.610507965087891,64
6.621760845184326,64
6.63301420211792,0
6.644338369369507,192
6.655743837356567,64
6.666893005371094,128
6.678023338317871,0
6.689145565032959,64
6.7002623081207275,64
6.711384057998657,64
6.722511053085327,0
6.733633756637573,64
6.7447521686553955,0
6.755983352661133,64
6.7672624588012695,0
6.778526782989502,0
6.789850473403931,128
6.801121950149536,64
6.812378168106079,128
6.823634386062622,128
6.834889888763428,64
6.846148490905762,128
6.857525825500488,0
6.868671655654907,0
6.879854440689087,128
6.890974760055542,0
6.902101516723633,0
6.913221597671509,128
6.924343109130859,64
6.935472249984741,0
6.946593761444092,0
6.957828760147095,0
6.9691162109375,0
6.98039174079895,0
6.991650104522705,64
7.002908229827881,0
7.014169931411743,64
7.0254247188568115,64
7.036678314208984,64
7.047930479049683,64
7.059315919876099,64
7.070458173751831,64
7.0815839767456055,0
7.092710018157959,0
7.1038267612457275,0
7.114945411682129,0
7.1260645389556885,192
7.1371870040893555,64
7.148334264755249,192
7.159616708755493,128
7.170903205871582,64
7.182166576385498,0
7.193421840667725,64
7.204678535461426,0
7.215935707092285,0
7.227191686630249,0
7.2384443283081055,0
7.249798059463501,0
7.261201620101929,0
7.272356271743774,64
7.283483505249023,0
7.2946083545684814,64
7.305726051330566,192
7.316845178604126,128
7.327969789505005,0
7.33911919593811,128
7.350275278091431,0
7.36151385307312,64
7.372799396514893,0
7.384060621261597,0
7.395325183868408,0
7.406582355499268,0
7.417839288711548,0
7.429100513458252,0
7.4403603076934814,0
7.451622009277344,128
7.462997913360596,0
7.474139451980591,128
7.4852635860443115,0
7.496387243270874,128
7.507503271102905,128
7.518630266189575,0
7.529803514480591,64
7.540942192077637,0
7.5520689487457275,0
7.563327312469482,64
7.574617147445679,0
7.58588719367981,64
7.597147464752197,64
7.608399152755737,64
7.61979866027832,64
7.631078720092773,128
7.642343997955322,0
7.653628826141357,0
7.665026426315308,128
7.676175594329834,64
7.687300205230713,0
7.6984217166900635,128
7.709583520889282,0
7.721388101577759,0
7.732605457305908,0
7.743757486343384,128
7.754879713058472,0
7.766068458557129,0
7.777195453643799,0
7.788321256637573,128
7.799477815628052,64
7.810598850250244,128
7.821725606918335,64
7.832838773727417,128
7.844169616699219,64
7.855305433273315,0
7.866544961929321,0
7.8778204917907715,0
7.88908576965332,0
7.900361776351929,0
7.9116246700286865,64
7.922877550125122,0
7.934129238128662,0
7.945392847061157,64
7.956649541854858,64
7.9680259227752686,0
7.9791789054870605,64
7.990304470062256,192
8.001427412033081,0
8.012547731399536,0
8.023669004440308,128
8.034783840179443,128
8.04590106010437,0
8.057019710540771,64
8.068254947662354,0
8.079596996307373,64
8.090869903564453,0
8.102137804031372,64
8.113391160964966,64
8.124644756317139,0
8.135897874832153,64
8.147157907485962,128
8.158410549163818,64
8.16983699798584,128
8.181023359298706,64
8.192161798477173,192
8.203285217285156,0
8.214405059814453,128
8.2255277633667,0
8.236641883850098,0
8.24775767326355,0
8.258921146392822,128
8.270170211791992,0
8.281452417373657,64
8.29271674156189,64
8.30397629737854,0
8.31523060798645,0
8.32648253440857,64
8.33773684501648,64
8.348994016647339,0
8.360243797302246,64
8.371619939804077,0
8.382766485214233,64
8.393889904022217,0
8.405005693435669,0
8.41612434387207,0
8.427239656448364,0
8.438356876373291,0
8.44957971572876,128
8.460712909698486,0
8.47195029258728,0
8.483227491378784,64
8.494489669799805,64
8.505749940872192,128
8.517004013061523,0
8.52825665473938,64
8.53955864906311,0
8.550817489624023,0
8.562072515487671,64
8.573447227478027,0
8.584589719772339,0
8.595723390579224,64
8.606844902038574,64
8.617961406707764,0
8.629079103469849,0
8.640216827392578,64
8.65134048461914,64
8.66246509552002,128
8.673697471618652,0
8.684977293014526,128
8.696240901947021,0
8.707499742507935,64
8.718759059906006,0
8.730021715164185,0
8.741282939910889,0
8.752538204193115,0
8.763794898986816,64
8.77516794204712,0
8.7863187789917,64
8.797446727752686,0
8.808570623397827,128
8.819733381271362,0
8.830856561660767,64
8.84198546409607,192
8.853105068206787,64
8.864221811294556,0
8.875452995300293,128
8.886728763580322,64
8.897997379302979,0
8.909260272979736,64
8.920525789260864,128
8.93178129196167,64
8.943038702011108,0
8.954298496246338,128
8.965553045272827,64
8.976925134658813,0
8.98806619644165,0
8.999202966690063,128
9.010329723358154,64
9.021454811096191,0
9.032578468322754,64
9.043693780899048,0
9.054866313934326,128
9.065999031066895,64
9.07724380493164,64
9.088520765304565,64
9.099851369857788,64
9.111115455627441,0
9.1223726272583,0
9.133629560470581,0
9.144893169403076,64
9.15615701675415,128
9.167415142059326,0
9.17884373664856,64
9.19000244140625,64
9.201131105422974,0
9.21225357055664,64
9.22339653968811,0
9.234521389007568,128
9.245643615722656,64
9.25676703453064,64
9.267893552780151,64
9.27913498878479,128
9.290416240692139,64
9.301684856414795,0
9.312947988510132,0
9.324204444885254,0
9.335454940795898,128
9.346713542938232,0
9.357970237731934,0
9.369226217269897,0
9.380603075027466,64
9.39175009727478,0
9.402881622314453,64
9.414005041122437,0
9.425125360488892,0
9.436250448226929,0
9.447370767593384,0
9.458494663238525,192
9.469671487808228,64
9.480906963348389,64
9.492186307907104,0
9.503445863723755,0
9.514703512191772,0
9.525968790054321,64
9.537225484848022,0
9.548481941223145,64
9.559786558151245,0
9.571053504943848,64
9.582427740097046,0
9.59357213973999,0
9.604696989059448,64
9.615821838378906,0
9.626954793930054,0
9.638080596923828,128
9.649271011352539,64
9.660404443740845,0
9.671526193618774,64
9.68269681930542,0
9.69382119178772,192
9.70494556427002,0
9.716064929962158,0
9.727188348770142,192
9.738310813903809,0
9.749481678009033,64
9.760608196258545,0
9.77173376083374,0
9.782969236373901,64
9.794262409210205,0
9.805529832839966,128
9.816792488098145,0
9.828051090240479,64
9.839309930801392,0
9.8505699634552,64
9.861828804016113,64
9.87309217453003,128
9.884471654891968,0
9.89562177658081,64
9.906754970550537,64
9.917876482009888,64
9.929001331329346,0
9.940126657485962,0
9.95125126838684,0
9.9623703956604,0
9.973497152328491,128
9.984722375869751,64
9.996001720428467,0
10.007266283035278,64
10.018538236618042,64
10.02984881401062,0
10.041110754013062,64
10.05237603187561,0
10.063632726669312,0
10.074889421463013,0
10.086268424987793,0
10.097416400909424,0
10.108548879623413,128
10.119715690612793,128
10.130842924118042,0
10.1419677734375,64
10.153090238571167,64
10.164212465286255,64
10.175339937210083,64
10.186570644378662,0
10.197881698608398,0
10.209153652191162,128
10.220414638519287,64
10.23167371749878,64
10.242937326431274,64
10.254252672195435,0
10.2655508518219,0
10.27682375907898,64
10.288211107254028,0
10.299368619918823,128
10.310503005981445,64
10.322583675384521,192
10.334583044052124,64
10.347063779830933,64
10.358893156051636,64
10.370486736297607,128
10.381704330444336,0
10.392796516418457,192
10.403860330581665,0
10.414906024932861,64
10.425942182540894,192
10.436965227127075,0
10.447975158691406,0
10.459026575088501,128
10.470051288604736,64
10.481069564819336,0
10.492196321487427,128
10.503475666046143,0
10.514739036560059,64
10.52599310874939,0
10.537256956100464,0
10.54853868484497,0
10.559869527816772,64
10.571138620376587,0
10.582395792007446,0
10.593779563903809,64
10.604926586151123,0
10.616055011749268,64
10.627174854278564,0
10.638366460800171,64
10.649564504623413,0
10.660728454589844,128
10.67187237739563,64
10.68300175666809,0
10.694183111190796,0
10.705310583114624,128
10.716434001922607,128
10.727555513381958,0
10.738677501678467,0
10.749837636947632,0
10.760957479476929,0
10.772077322006226,0
10.78319764137268,0
10.794431686401367,0
10.805715322494507,64
10.816985845565796,0
10.828245162963867,128
10.839563131332397,64
10.850864171981812,128
10.862128973007202,0
10.873386144638062,0
10.884640216827393,128
10.896051406860352,64
10.907205581665039,192
10.918332815170288,128
10.929504156112671,64
10.940633773803711,0
10.9517502784729,128
10.96287751197815,128
10.974001407623291,64
10.985128164291382,64
10.996364116668701,64
11.00764012336731,0
11.018946409225464,64
11.030215501785278,64
11.04148268699646,64
11.05274486541748,192
11.064003944396973,0
11.075266361236572,0
11.086520433425903,128
11.09790301322937,0
11.109052419662476,128
11.120176553726196,0
11.131290674209595,128
11.14243745803833,128
11.15356707572937,0
11.164685487747192,0
11.175801277160645,128
11.186928272247314,192
11.198161840438843,64
11.209476947784424,0
11.220751762390137,64
11.232006788253784,0
11.243264436721802,64
11.254517316818237,128
11.26578140258789,64
11.277039289474487,0
11.288292169570923,64
11.299913883209229,0
11.31107759475708,0
11.322252035140991,128
11.333379745483398,128
11.344527959823608,128
11.355656385421753,0
11.366777658462524,0
11.377898454666138,128
11.389023542404175,64
11.400224447250366,0
11.411356687545776,64
11.422477722167969,0
11.433619022369385,64
11.444738149642944,128
11.455878973007202,64
11.467001676559448,192
11.478149890899658,0
11.489347219467163,0
11.50059986114502,0
11.51187539100647,64
11.523122310638428,64
11.534362554550171,64
11.545605897903442,64
11.556846380233765,128
11.56808590888977,0
11.579334735870361,0
11.59058165550232,0
11.60194444656372,0
11.613078355789185,192
11.624487400054932,0
11.635703086853027,0
11.646837711334229,128
11.657962799072266,64
11.669076204299927,0
11.680188417434692,0
11.691296339035034,64
11.702465534210205,0
11.713582992553711,0
11.724691390991211,0
11.735796689987183,0
11.74690580368042,64
11.75801706314087,64
11.769126415252686,0
11.780234336853027,128
11.791339874267578,0
11.802563667297363,0
11.813827276229858,128
11.825074911117554,128
11.836320638656616,64
11.847566604614258,128
11.858861207962036,64
11.870117425918579,128
11.88135313987732,64
11.892603874206543,0
11.90397024154663,0
11.91510558128357,0
11.926224708557129,0
11.937330961227417,128
11.948435306549072,0
11.959589004516602,0
11.970690727233887,0
11.981809139251709,0
11.992917776107788,0
12.004130363464355,0
12.015398979187012,0
12.026646137237549,64
12.037885427474976,0
12.049147129058838,0
12.060405492782593,64
12.071660280227661,0
12.082896947860718,64
12.094138860702515,0
12.105508089065552,128
12.116645812988281,128
12.127755641937256,0
12.13891077041626,0
12.150027513504028,192
12.16113543510437,64
12.172247409820557,0
12.183352708816528,0
12.19446325302124,0
12.205673456192017,0
12.216932773590088,128
12.22817587852478,0
12.239486932754517,128
12.250731706619263,0
12.262024164199829,0
12.273285627365112,64
12.284528255462646,0
12.295767784118652,0
12.30712890625,0
12.318263053894043,0
12.329404830932617,0
12.34058690071106,0
12.351719856262207,0
12.362833023071289,64
12.373941659927368,0
12.385043382644653,64
12.396247863769531,0
12.407423973083496,128
12.418537855148315,64
12.429773807525635,64
12.440892457962036,128
12.45199704170227,0
12.463101863861084,64
12.474210500717163,0
12.485315322875977,0
12.496428728103638,128
12.50765609741211,0
12.518949747085571,0
12.530206203460693,0
12.541448593139648,0
12.552685499191284,0
12.563930749893188,64
12.575169086456299,0
12.586408853530884,0
12.597648859024048,0
12.609035730361938,64
12.620177507400513,64
12.631285667419434,64
12.642401456832886,0
12.653521537780762,0
12.664630651473999,0
12.675742864608765,128
12.686862707138062,0
12.697978496551514,192
12.709201097488403,0
12.720465660095215,0
12.731712341308594,0
12.742950916290283,0
12.75418996810913,0
12.765434503555298,0
12.776675701141357,0
12.787918329238892,64
12.799158334732056,0
12.810523509979248,0
12.821657419204712,64
12.832768201828003,0
12.843881607055664,128
12.854990005493164,64
12.866098165512085,0
12.87720537185669,0
12.888309240341187,64
12.899457216262817,0
12.910691976547241,0
12.92196249961853,0
12.93321180343628,0
12.944467306137085,64
12.955713033676147,128
12.966958999633789,0
12.978199243545532,0
12.98951005935669,128
13.00076937675476,0
13.012145519256592,0
13.023282289505005,0
13.034400939941406,128
13.045515537261963,128
13.05662226676941,0
13.067722797393799,0
13.07888913154602,0
13.090011835098267,64
13.101116418838501,0
13.112340450286865,0
13.12362265586853,64
13.134867668151855,64
13.146113395690918,0
13.157358646392822,64
13.16860842704773,0
13.179893732070923,128
13.191190242767334,64
13.202442407608032,0
13.213810682296753,0
13.224943399429321,0
13.236055850982666,192
13.247169017791748,128
13.258285760879517,64
13.269447088241577,64
13.280567169189453,64
13.291676759719849,0
13.302788257598877,64
13.31400752067566,64
13.32527208328247,0
13.33651852607727,64
13.347755670547485,0
13.35899806022644,0
13.370286703109741,64
13.381550550460815,0
13.392802000045776,128
13.404054641723633,0
13.415427923202515,64
13.42656421661377,128
13.437678575515747,0
13.44883131980896,0
13.459949254989624,0
13.471057653427124,64
13.482165336608887,128
13.493272542953491,64
13.50437617301941,128
13.515608310699463,0
13.526880979537964,64
13.538128137588501,0
13.549373865127563,128
13.560611248016357,0
13.571845531463623,0
13.58308458328247,64
13.594321250915527,0
13.60555911064148,0
13.616920948028564,128
13.628059387207031,0
13.639173030853271,0
13.650291204452515,0
13.661395072937012,0
13.672503471374512,0
13.683608055114746,0
13.69471025466919,0
13.705813646316528,0
13.717030048370361,64
13.728288888931274,0
13.739578008651733,0
13.750821352005005,0
13.762174844741821,128
13.773433685302734,0
13.784706830978394,128
13.795966625213623,64
13.807216882705688,64
13.81859827041626,128
13.829771995544434,192
13.84088921546936,0
13.852018356323242,64
13.863131999969482,0
13.874240398406982,128
13.885346174240112,64
13.896460771560669,0
13.90756368637085,128
13.918789863586426,0
13.930101156234741,0
13.941349506378174,64
13.952590942382812,0
13.963847160339355,64
13.97508716583252,0
13.986327886581421,64
13.997567176818848,0
14.008865356445312,0
14.020179986953735,64
14.031318187713623,0
14.042442560195923,64
14.05355167388916,0
14.06465744972229,64
14.075767755508423,64
14.086873054504395,0
14.097983360290527,0
14.109098196029663,64
14.12032175064087,64
14.131581783294678,0
14.142843246459961,0
14.154093265533447,64
14.16533875465393,64
14.176581859588623,64
14.187820196151733,0
14.199067115783691,0
14.210314750671387,0
14.221697807312012,64
14.232839107513428,192
14.243952989578247,0
14.255060911178589,0
14.266167879104614,0
14.27727460861206,192
14.288387775421143,192
14.299544334411621,128
14.310653924942017,0
14.321877479553223,64
14.333139181137085,0
14.344387531280518,128
14.355633020401001,64
14.366880893707275,128
14.378119468688965,64
14.389364242553711,0
14.400622844696045,64
14.411860704421997,64
14.423285245895386,64
14.43443751335144,64
14.445559978485107,0
14.456687450408936,64
14.467799186706543,64
14.47894024848938,128
14.490066051483154,0
14.501176834106445,0
14.512283325195312,128
14.523503541946411,0
14.534777164459229,0
14.546032190322876,64
14.557270288467407,64
14.56851315498352,0
14.579789400100708,64
14.591027021408081,0
14.602269887924194,64
14.613510847091675,0
14.624873876571655,0
14.635997533798218,192
14.647118330001831,128
14.658232688903809,64
14.669345617294312,0
14.680460929870605,64
14.691573143005371,64
14.702674627304077,0
14.713776111602783,64
14.725001096725464,64
14.736273765563965,128
14.747518062591553,0
14.75876522064209,64
14.770019769668579,64
14.781261920928955,0
14.79249882698059,0
14.8037428855896,64
14.814980745315552,64
14.826348781585693,0
14.837477684020996,192
14.848593473434448,0
14.859751462936401,64
14.870859384536743,0
14.881966829299927,0
14.893077850341797,0
14.904188394546509,128
14.915305852890015,0
14.926527976989746,0
14.937784194946289,0
14.949028730392456,0
14.960271835327148,0
14.971508264541626,0
14.982752323150635,0
14.994000911712646,0
15.00524616241455,64
15.016484022140503,0
15.027846336364746,0
15.039030075073242,192
15.050156593322754,128
15.061287641525269,64
15.072394132614136,0
15.083506107330322,128
15.09460997581482,64
15.105713605880737,128
15.116819620132446,0
15.128049850463867,128
15.139314889907837,0
15.150579452514648,0
15.161855220794678,0
15.173105239868164,64
15.184348344802856,64
15.19558835029602,128
15.206827640533447,64
15.218066930770874,64
15.229474067687988,0
15.240623235702515,128
15.251739740371704,128
15.262847423553467,128
15.273952960968018,0
15.285065412521362,64
15.296170711517334,0
15.307271480560303,0
15.318377017974854,128
15.329649448394775,0
15.340936183929443,64
15.352184295654297,0
15.363431692123413,64
15.374674320220947,0
15.385906219482422,64
15.397152185440063,0
15.40839695930481,0
15.419692754745483,0
15.431071043014526,64
15.442209482192993,0
15.453319311141968,0
15.464461326599121,0
15.475581169128418,0
15.486694097518921,0
15.497804403305054,0
15.508949756622314,0
15.52006196975708,0
15.531282663345337,128
15.542540073394775,0
15.553793668746948,64
15.565040349960327,0
15.576281309127808,128
15.587520837783813,0
15.598764896392822,64
15.610011339187622,64
15.621249914169312,0
15.632612705230713,0
15.643752574920654,0
15.65487790107727,0
15.665982961654663,0
15.677091836929321,128
15.688202619552612,128
15.699569463729858,0
15.71083116531372,192
15.722039699554443,128
15.73329472541809,128
15.744441509246826,0
15.755560636520386,0
15.76667308807373,0
15.777782917022705,64
15.788923740386963,0
15.800036430358887,64
15.811146974563599,0
15.822254657745361,64
15.833515167236328,64
15.844788551330566,128
15.85603666305542,64
15.867287874221802,0
15.878533363342285,64
15.889845609664917,64
15.901089906692505,64
15.912330865859985,128
15.923575162887573,0
15.934941053390503,0
15.946079730987549,0
15.9572012424469,64
15.96831202507019,0
15.979455709457397,0
15.990565538406372,0
16.001675605773926,0
16.012789726257324,128
16.02389883995056,64
16.035118341445923,0
16.04638934135437,0
16.05763006210327,64
16.06891703605652,0
16.08017611503601,0
16.091420650482178,64
16.102663278579712,0
16.113908529281616,0
16.12515163421631,64
16.136513233184814,0
16.147648811340332,0
16.158763647079468,64
16.169883489608765,192
16.18099021911621,64
16.192103147506714,64
16.203217267990112,64
16.21432375907898,0
16.22542929649353,0
16.23664927482605,128
16.247904300689697,0
16.259171962738037,64
16.27043128013611,0
16.281677722930908,0
16.292914152145386,64
16.304155588150024,0
16.315396785736084,0
16.326642751693726,64
16.338008880615234,64
16.349212884902954,0
16.360332250595093,128
16.371439218521118,0
16.3825466632843,192
16.393669366836548,0
16.404783964157104,0
16.415891885757446,128
16.426998138427734,128
16.43822193145752,0
16.449657440185547,128
16.460925817489624,0
16.47217297554016,0
16.48342776298523,64
16.494664907455444,0
16.505964756011963,64
16.51722526550293,64
16.528482675552368,0
16.539913415908813,64
16.55105471611023,64
16.56216788291931,0
16.573289394378662,64
16.58439874649048,0
16.595510244369507,64
16.606623649597168,192
16.61773419380188,192
16.62888789176941,0
16.640005826950073,0
16.65127921104431,64
16.662527084350586,0
16.673774242401123,64
16.68501925468445,0
16.696264266967773,128
16.707515954971313,0
16.718761205673218,64
16.73001456260681,0
16.741385459899902,0
16.752520084381104,128
16.763639450073242,64
16.7747540473938,0
16.785872220993042,64
16.796981811523438,64
16.808094263076782,0
16.819200038909912,0
16.83041501045227,0
16.841593980789185,0
16.852720022201538,0
16.863876819610596,0
16.875004291534424,64
16.886115312576294,64
16.897228002548218,0
16.90835452079773,64
16.919511079788208,0
16.930626392364502,0
16.941858053207397,64
16.953124523162842,64
16.964388370513916,128
16.97563648223877,0
16.986881017684937,0
16.998125553131104,64
17.00937247276306,64
17.020626544952393,0
17.031877994537354,64
17.043248176574707,64
17.054385900497437,0
17.065500736236572,0
17.076603412628174,0
17.087724208831787,0
17.098872900009155,64
17.109983682632446,0
17.121092557907104,0
17.132198572158813,0
17.143425703048706,0
17.154696941375732,64
17.165950536727905,64
17.177205085754395,0
17.188448429107666,128
17.19973587989807,0
17.210997819900513,64
17.222247838974,64
17.23348832130432,0
17.24485969543457,128
17.255998134613037,128
17.26711344718933,64
17.27822470664978,0
17.289340019226074,0
17.30045437812805,64
17.311564207077026,64
17.322678089141846,0
17.33379292488098,0
17.345020055770874,64
17.356281518936157,0
17.367527723312378,64
17.378777265548706,0
17.390073537826538,0
17.40132474899292,128
17.41258215904236,0
17.423827409744263,64
17.435067653656006,64
17.446436405181885,64
17.457592964172363,64
17.468720197677612,64
17.479835748672485,64
17.490950107574463,0
17.502056121826172,128
17.513167142868042,64
17.52427339553833,0
17.53537678718567,192
17.546642541885376,0
17.557925939559937,64
17.569183111190796,64
17.580423831939697,64
17.591676712036133,0
17.602921962738037,0
17.61416506767273,64
17.62541127204895,0
17.63664674758911,0
17.648021936416626,64
17.65915870666504,0
17.67027258872986,0
17.68138027191162,0
17.69249200820923,64
17.703598499298096,0
17.71470308303833,0
17.72581696510315,0
17.736925840377808,0
17.748142957687378,0
17.759408950805664,0
17.770659923553467,0
17.781906366348267,64
17.793147087097168,0
17.80439782142639,0
17.815642833709717,0
17.826884269714355,0
17.83812403678894,0
17.849539041519165,64
17.86067819595337,0
17.871790409088135,0
17.882890462875366,64
17.894005298614502,128
17.905118703842163,0
17.9162278175354,64
17.92733907699585,64
17.9384446144104,128
17.949710607528687,0
17.960983514785767,64
17.97223663330078,0
17.983493328094482,0
17.994730234146118,0
18.005972623825073,64
18.01720952987671,64
18.02846360206604,0
18.03974962234497,0
18.05112338066101,0
18.0622980594635,0
18.07341957092285,64
18.084532022476196,0
18.095633506774902,64
18.106757879257202,0
18.11786913871765,128
18.129003763198853,0
18.1401264667511,64
18.151352405548096,192
18.16261053085327,0
18.17385959625244,64
18.18511199951172,0
18.196353435516357,64
18.207591772079468,64
18.218867540359497,0
18.23011803627014,0
18.241368055343628,0
18.25273561477661,0
18.263874053955078,0
18.27499032020569,64
18.286096811294556,0
18.297205209732056,128
18.308315753936768,0
18.319480419158936,128
18.330596685409546,64
18.34170937538147,0
18.352928638458252,0
18.364193439483643,0
18.37544345855713,64
18.38668656349182,0
18.397935152053833,0
18.409175157546997,0
18.42041850090027,64
18.43165636062622,0
18.44289517402649,0
18.454258918762207,0
18.465396404266357,64
18.47651243209839,0
18.48762035369873,0
18.498732328414917,192
18.509843826293945,0
18.520950078964233,0
18.5320565700531,64
18.5431649684906,0
18.554386615753174,64
18.56564998626709,0
18.57689929008484,64
18.588202238082886,64
18.59949779510498,0
18.61075711250305,0
18.62200355529785,0
18.633241653442383,64
18.644490480422974,64
18.65587067604065,0
18.667027473449707,128
18.678173303604126,0
18.689286708831787,0
18.70040011405945,64
18.711509227752686,0
18.72261619567871,64
18.733721017837524,128
18.744835376739502,0
18.75606942176819,0
18.76733374595642,0
18.77858304977417,128
18.78990888595581,64
18.801154375076294,128
18.812391757965088,128
18.82363796234131,0
18.834880113601685,64
18.846124410629272,64
18.857495307922363,0
18.86863613128662,0
18.879789352416992,128
18.890905141830444,64
18.902019500732422,0
18.913130044937134,0
18.924238204956055,0
18.935343980789185,0
18.946457862854004,64
18.95767879486084,64
18.96898603439331,64
18.98024272918701,0
18.991485595703125,0
19.002732515335083,64
19.01398015022278,0
19.025229454040527,64
19.036471366882324,64
19.04770851135254,64
19.059082746505737,0
19.070216417312622,0
19.0813410282135,0
19.092449188232422,0
19.103559255599976,0
19.114659547805786,0
19.125775575637817,128
19.136876344680786,128
19.14799666404724,128
19.15921449661255,0
19.170472145080566,0
19.18172025680542,64
19.19296932220459,64
19.204214572906494,128
19.215457677841187,64
19.22670602798462,64
19.2379469871521,0
19.249187707901,0
19.260597705841064,0
19.271735668182373,128
19.282854557037354,64
19.293962001800537,0
19.305078506469727,64
19.316182851791382,0
19.327287197113037,0
19.338430643081665,128
19.349601984024048,0
19.3608341217041,64
19.3721022605896,0
19.383354425430298,64
19.394604444503784,64
19.40584969520569,64
19.41709327697754,0
19.428337335586548,64
19.439616680145264,0
19.450857639312744,0
19.462227821350098,0
19.47335934638977,64
19.484471797943115,0
19.49558162689209,0
19.506693840026855,64
19.51781129837036,64
19.529021501541138,0
19.54014754295349,0
19.55125594139099,0
19.562474250793457,128
19.573739051818848,0
19.58498764038086,64
19.5962336063385,64
19.607476234436035,0
19.618712186813354,64
19.630049467086792,64
19.64130926132202,0
19.652554988861084,64
19.663933515548706,64
19.675069332122803,128
19.68618083000183,0
19.697285175323486,128
19.708396673202515,0
19.71963930130005,0
19.731203079223633,192
19.7423996925354,0
19.753520965576172,192
19.764688968658447,64
19.775814294815063,128
19.78693175315857,128
19.79803490638733,0
19.80914330482483,0
19.820247411727905,64
19.83135437965393,64
19.842458963394165,64
19.853575229644775,64
19.864843606948853,64
19.87611150741577,0
19.88735795021057,0
19.898698091506958,0
19.910018920898438,64
19.92128586769104,0
19.932552099227905,64
19.94380211830139,0
19.955045461654663,0
19.966426849365234,64
19.97756314277649,0
19.988686323165894,64
19.99983024597168,0
20.010940313339233,128
20.022064208984375,128
20.033183813095093,0
20.044292449951172,64
20.055397272109985,0
20.066624879837036,0
20.07789182662964,0
20.08913779258728,0
20.10037875175476,128
20.111629962921143,0
20.122873067855835,0
20.13410711288452,0
20.14536714553833,64
20.156615495681763,64
20.167987823486328,64
20.179126977920532,64
20.19024658203125,64
20.201356887817383,0
20.212464094161987,0
20.223577737808228,0
20.234690189361572,192
20.24579691886902,0
20.256906032562256,64
20.268131256103516,64
20.27940344810486,64
20.29067301750183,64
20.30191922187805,0
20.31315779685974,0
20.32439661026001,0
20.335636138916016,0
20.346880674362183,64
20.358121871948242,64
20.369548082351685,64
20.3806893825531,64
20.391810417175293,0
20.402931451797485,0
20.4140408039093,0
20.425156354904175,128
20.43626117706299,128
20.447369813919067,0
20.458489656448364,0
20.469849586486816,0
20.481125831604004,64
20.492374420166016,128
20.50362753868103,64
20.514869928359985,64
20.52610731124878,128
20.537384748458862,0
20.548643112182617,64
20.559943914413452,64
20.57131862640381,64
20.582449197769165,0
20.593562126159668,0
20.60466957092285,0
20.615779638290405,0
20.62689232826233,64
20.637993812561035,64
20.64909553527832,0
20.660264253616333,0
20.67143702507019,0
20.68255305290222,64
20.693660497665405,0
20.704771280288696,0
20.715876817703247,0
20.726980924606323,0
20.738085508346558,128
20.749576330184937,0
20.760842323303223,0
20.772053956985474,64
20.783180952072144,64
20.794315338134766,64
20.805429220199585,64
20.816540479660034,0
20.827650785446167,192
20.83876085281372,0
20.8498752117157,192
20.860987663269043,64
20.872222423553467,64
20.883481740951538,0
20.894728660583496,0
20.905976057052612,0
20.917213201522827,64
20.928452730178833,0
20.93974471092224,0
20.950986862182617,64
20.96223735809326,64
20.973613262176514,64
20.984748363494873,128
20.995867252349854,0
21.006978034973145,64
21.018084049224854,0
21.02919054031372,0
21.040297985076904,128
21.051414728164673,0
21.06255555152893,64
21.07378387451172,0
21.085046529769897,0
21.096292734146118,64
21.107539892196655,64
21.11878728866577,0
21.130089282989502,0
21.1413471698761,128
21.15259027481079,0
21.163845539093018,0
21.175212621688843,0
21.186347484588623,128
21.19746494293213,128
21.208570957183838,64
21.21971559524536,0
21.23082423210144,128
21.241939306259155,64
21.25304913520813,128
21.264151573181152,128
21.27537727355957,128
21.286641597747803,128
21.297886848449707,0
21.309136867523193,43072
21.32038903236389,45056
21.33162760734558,44992
21.34286856651306,44992
21.35411286354065,45056
21.365351915359497,44992
21.376718044281006,44992
21.3878493309021,45056
21.39898133277893,44928
21.410096168518066,44992
21.421234607696533,45056
21.432347059249878,44992
21.44345188140869,44928
21.454558849334717,45056
21.46566390991211,45056
21.476886510849,44928
21.488145351409912,44928
21.49940037727356,44928
21.510659217834473,44928
21.52190327644348,44864
21.533143758773804,44992
21.544387578964233,44928
21.555636405944824,44928
21.566890239715576,44992
21.578266620635986,44928
21.589436769485474,44864
21.600555896759033,44992
21.611661911010742,44992
21.62277102470398,44992
21.633875131607056,45056
21.644994974136353,44992
21.656107187271118,44992
21.667224884033203,44928
21.678454160690308,44928
21.689759016036987,44864
21.70104670524597,44864
21.712305068969727,44928
21.723547220230103,44864
21.734789848327637,44864
21.746034383773804,40064
21.75727939605713,0
21.768522024154663,0
21.779964208602905,44928
21.79110550880432,44992
21.802222728729248,44928
21.813331365585327,44992
21.82445001602173,44928
21.835562467575073,45056
21.846672534942627,45056
21.857771396636963,44992
21.868923664093018,44928
21.88015103340149,44864
21.89142084121704,44864
21.90268564224243,44928
21.91393256187439,44864
21.925179719924927,44864
21.93642282485962,44864
21.947664737701416,44864
21.958953619003296,44864
21.97020435333252,44928
21.9815673828125,44992
21.99270534515381,44992
22.003822565078735,44864
22.01493191719055,44864
22.026047468185425,44928
22.037161350250244,44928
22.048269033432007,44928
22.05942392349243,44800
22.070544242858887,44928
22.081779956817627,44992
22.093047618865967,44864
22.10430908203125,44992
22.11556363105774,44992
22.12680745124817,44992
22.138047695159912,44864
22.149303197860718,44864
22.160565853118896,44928
22.17180824279785,44992
22.18319058418274,44992
22.194329261779785,44864
22.205446243286133,44992
22.216554880142212,44864
22.227662086486816,44800
22.238773584365845,45056
22.249892234802246,44864
22.261021614074707,44864
22.27214550971985,44864
22.283368349075317,44928
22.294634580612183,44864
22.305887460708618,0
22.317138195037842,44928
22.328382968902588,44928
22.339682817459106,128
22.35093641281128,44928
22.362180709838867,44992
22.37342071533203,44928
22.38478422164917,44864
22.395925521850586,44928
22.407094478607178,44864
22.418213367462158,44928
22.429327964782715,44928
22.44045329093933,44864
22.451560258865356,44800
22.46266460418701,44992
22.473774433135986,44928
22.484989166259766,44864
22.496251583099365,44864
22.507538318634033,42560
22.51879334449768,44928
22.53008460998535,0
22.54132604598999,0
22.552573919296265,64
22.563817024230957,0
22.57505702972412,128
22.58647131919861,0
22.59761142730713,0
22.608721256256104,0
22.6198308467865,0
22.630939245224,128
22.642049551010132,0
22.653159141540527,0
22.664270639419556,192
22.675384521484375,0
22.68660020828247,128
22.697872400283813,64
22.709120750427246,64
22.720365047454834,0
22.731600284576416,0
22.74289059638977,64
22.75414729118347,0
22.765387773513794,64
22.77662944793701,0
22.787994384765625,64
22.799132823944092,128
22.810245513916016,128
22.821350574493408,0
22.832467555999756,64
22.8435800075531,0
22.854690313339233,0
22.86581778526306,64
22.876927852630615,0
22.888139009475708,128
22.899413347244263,0
22.910675287246704,0
22.9219651222229,64
22.9332172870636,64
22.94446325302124,64
22.955707550048828,64
22.967018127441406,64
22.978286027908325,64
22.98978567123413,64
23.0009503364563,64
23.01207160949707,64
23.023184299468994,64
23.034298181533813,128
23.045402765274048,0
23.056509017944336,64
23.0676167011261,128
23.078730583190918,128
23.0899555683136,64
23.10122561454773,0
23.112483263015747,0
23.123725414276123,64
23.134960889816284,64
23.14624285697937,128
23.157491445541382,0
23.168733835220337,0
23.179983615875244,64
23.191389560699463,64
23.202537536621094,0
23.21365189552307,128
23.224759340286255,0
23.235873460769653,0
23.24697494506836,0
23.258081912994385,0
23.26919198036194,64
23.28030753135681,128
23.291529655456543,192
23.302793741226196,64
23.314044713974,64
23.325284242630005,0
23.336548805236816,0
23.347795963287354,0
23.359050035476685,0
23.370296955108643,64
23.38152575492859,0
23.39290428161621,0
23.404041051864624,64
23.415154695510864,64
23.426262855529785,0
23.437376499176025,0
23.448484420776367,128
23.459712266921997,64
23.470861434936523,0
23.481974840164185,0
23.493199825286865,128
23.50446367263794,64
23.515718460083008,0
23.5269615650177,0
23.538201332092285,0
23.549492120742798,0
23.560741424560547,64
23.571983337402344,64
23.58322238922119,0
23.594587802886963,64
23.605722188949585,0
23.6168429851532,192
23.627955198287964,0
23.6390643119812,0
23.650184631347656,0
23.661293506622314,64
23.672396659851074,0
23.683501958847046,128
23.69473171234131,128
23.70599365234375,0
23.717252254486084,64
23.728496313095093,0
23.739784002304077,0
23.751028299331665,0
23.762278079986572,0
23.773513555526733,64
23.784788370132446,64
23.796164512634277,64
23.80730128288269,64
23.818414449691772,128
23.829566955566406,128
23.840677976608276,0
23.85178542137146,0
23.862892389297485,192
23.87400794029236,64
23.88511371612549,128
23.896339654922485,0
23.907609224319458,64
23.918901205062866,64
23.930152416229248,64
23.94139552116394,64
23.95264434814453,0
23.963892936706543,0
23.975135564804077,0
23.986374855041504,0
23.997745037078857,0
24.008925914764404,0
24.020045280456543,192
24.031156063079834,0
24.04227304458618,64
24.05337643623352,64
24.06449842453003,128
24.075608491897583,128
24.086721420288086,192
24.097940683364868,0
24.109204053878784,64
24.120450973510742,0
24.13169503211975,64
24.1429443359375,64
24.15418815612793,64
24.165435791015625,0
24.17667031288147,0
24.187927722930908,0
24.199355363845825,64
24.210493803024292,128
24.22161626815796,0
24.23272967338562,0
24.243845224380493,64
24.25494956970215,64
24.26605796813965,0
24.277166843414307,0
24.28827404975891,0
24.2995388507843,128
24.310818433761597,64
24.32207751274109,64
24.333324670791626,64
24.344572067260742,64
24.355814695358276,0
24.367058515548706,0
24.37835168838501,0
24.38965368270874,0
24.401039361953735,64
24.41217613220215,64
24.4232919216156,128
24.43439531326294,0
24.445504426956177,64
24.456612825393677,64
24.46771788597107,192
24.478936433792114,128
24.490065574645996,0
24.501280069351196,64
24.512539625167847,64
24.523786067962646,0
24.53502893447876,0
24.546265602111816,64
24.557505130767822,0
24.568745136260986,0
24.57997989654541,0
24.591220378875732,64
24.602586269378662,0
24.613721132278442,64
24.62483310699463,192
24.63594102859497,64
24.64705729484558,64
24.658169746398926,128
24.66929817199707,64
24.680408716201782,0
24.691516876220703,0
24.702734231948853,0
24.714003324508667,0
24.725250482559204,0
24.736502408981323,64
24.747746467590332,0
24.758992195129395,0
24.770236492156982,0
24.781470775604248,64
24.792709589004517,128
24.804075956344604,0
24.815205335617065,64
24.826366186141968,0
24.837488174438477,64
24.84859848022461,0
24.859745740890503,0
24.870855569839478,0
24.88196110725403,0
24.893081426620483,0
24.904248237609863,192
24.915360927581787,128
24.92647075653076,0
24.93757176399231,192
24.94867491722107,64
24.95982265472412,192
24.970938682556152,0
24.982044219970703,0
24.993148803710938,0
25.004369497299194,0
25.015631675720215,64
25.026878118515015,128
25.038118600845337,64
25.049360990524292,64
25.060604333877563,0
25.071845054626465,0
25.083088636398315,64
25.09433078765869,0
25.105699062347412,64
25.11682891845703,64
25.127946138381958,64
25.13905954360962,0
25.150187015533447,128
25.161299467086792,128
25.17241072654724,128
25.18351411819458,0
25.19461703300476,0
25.205832719802856,64
25.21710205078125,64
25.22835421562195,64
25.239711046218872,64
25.250961542129517,0
25.262203216552734,128
25.273460626602173,0
25.284701824188232,64
25.2959463596344,0
25.307318210601807,0
25.318451404571533,0
25.329614639282227,0
25.340734481811523,64
25.351847171783447,0
25.362953901290894,0
25.37406301498413,0
25.385165691375732,0
25.39627742767334,64
25.40750288963318,0
25.418769359588623,64
25.430023431777954,0
25.441264390945435,0
25.452500343322754,0
25.463738441467285,0
25.474975109100342,64
25.486220598220825,0
25.497459411621094,64
25.508943796157837,64
25.520097494125366,0
25.53121566772461,64
25.54232430458069,64
25.553433895111084,128
25.564539909362793,0
25.575642585754395,192
25.586748600006104,0
25.597851753234863,0
25.609075784683228,128
25.62033987045288,0
25.631577491760254,0
25.64282464981079,128
25.654070377349854,0
25.66532063484192,0
25.676562309265137,64
25.687799215316772,64
25.69904375076294,128
25.71041512489319,0
25.721550226211548,64
25.73266291618347,128
25.7437801361084,0
25.75490093231201,128
25.76601243019104,0
25.777114868164062,0
25.78837537765503,64
25.799572467803955,0
25.810741186141968,0
25.821857452392578,0
25.832963943481445,128
25.84407067298889,0
25.855170965194702,128
25.866329193115234,0
25.87744903564453,0
25.888548612594604,64
25.899699687957764,0
25.910932540893555,128
25.92221426963806,64
25.93346643447876,0
25.944710731506348,64
25.955958366394043,0
25.967198133468628,128
25.97843647003174,64
25.98978042602539,64
26.001035928726196,0
26.012407779693604,0
26.023539304733276,128
26.034759044647217,0
26.045900583267212,128
26.057021141052246,0
26.068142890930176,128
26.079270839691162,128
26.09038281440735,64
26.101487159729004,0
26.1126549243927,0
26.123772621154785,0
26.134876012802124,128
26.145987272262573,128
26.157092809677124,0
26.168206214904785,128
26.179324865341187,64
26.19043469429016,0
26.20154905319214,0
26.21277666091919,0
26.22403621673584,64
26.235284566879272,64
26.246537923812866,0
26.257781744003296,64
26.269054651260376,0
26.280306339263916,0
26.29154372215271,0
26.302780866622925,0
26.314143419265747,0
26.32527446746826,0
26.336382150650024,0
26.347488403320312,0
26.3587543964386,0
26.369882106781006,0
26.380986213684082,0
26.39210343360901,0
26.403220891952515,0
26.414446592330933,64
26.425716161727905,0
26.43697500228882,0
26.44821858406067,0
26.459609508514404,0
26.47090983390808,0
26.48217010498047,128
26.49341583251953,128
26.504661321640015,64
26.51604151725769,64
26.527177333831787,192
26.538292407989502,64
26.54945158958435,128
26.560567617416382,128
26.571677923202515,0
26.582782983779907,0
26.593892097473145,0
26.60500168800354,64
26.616218328475952,0
26.62748122215271,128
26.638721466064453,64
26.649977922439575,64
26.661224603652954,64
26.672466039657593,64
26.68372130393982,64
26.694962739944458,64
26.706204175949097,0
26.717571258544922,0
26.728711366653442,64
26.739824771881104,64
26.750932693481445,0
26.76204562187195,0
26.7731614112854,0
26.784271955490112,0
26.79537844657898,0
26.80649161338806,128
26.817710399627686,0
26.828978061676025,0
26.84022808074951,0
26.85146927833557,0
26.86270570755005,0
26.873948335647583,64
26.88518714904785,0
26.896427631378174,64
26.90772271156311,64
26.919113159179688,0
26.930256366729736,128
26.941383361816406,64
26.952500104904175,0
26.963616132736206,64
26.974716901779175,128
26.98607563972473,192
26.997315168380737,128
27.008460521697998,192
27.019675493240356,0
27.03079628944397,0
27.04190468788147,128
27.053009271621704,128
27.064114093780518,0
27.07523822784424,0
27.08635377883911,64
27.097464084625244,128
27.108575105667114,128
27.11986231803894,192
27.131122589111328,0
27.142380714416504,64
27.153626441955566,64
27.16487216949463,64
27.176120281219482,128
27.187363624572754,128
27.198606967926025,0
27.209896087646484,64
27.221270322799683,64
27.23240351676941,0
27.24351716041565,0
27.25462579727173,0
27.26573872566223,0
27.276848077774048,64
27.287965059280396,64
27.299076795578003,0
27.31018853187561,0
27.32140278816223,0
27.33266592025757,64
27.343944787979126,0
27.355192184448242,64
27.366434812545776,64
27.37768054008484,64
27.388972759246826,0
27.400236129760742,64
27.4114830493927,0
27.422852039337158,0
27.43398118019104,0
27.445098638534546,192
27.456212997436523,0
27.46733045578003,128
27.478439331054688,0
27.48965334892273,0
27.500778913497925,192
27.511887788772583,128
27.523102045059204,0
27.53437042236328,0
27.545621871948242,0
27.556857347488403,0
27.568097591400146,64
27.579338550567627,64
27.590577602386475,128
27.601818084716797,64
27.613049030303955,0
27.624422073364258,0
27.635552406311035,0
27.64667558670044,64
27.657787084579468,0
27.668944835662842,0
27.68006420135498,192
27.691174745559692,128
27.70229196548462,0
27.71341037750244,64
27.724634170532227,128
27.73589849472046,64
27.747150421142578,0
27.758391857147217,0
27.769684076309204,64
27.78092861175537,0
27.792189598083496,64
27.803434133529663,64
27.814672231674194,0
27.826042890548706,64
27.83717632293701,0
27.848286390304565,0
27.859431743621826,0
27.87054419517517,128
27.881643056869507,0
27.89275598526001,64
27.903862953186035,0
27.914978504180908,128
27.92620277404785,0
27.937466621398926,64
27.948747396469116,0
27.96000576019287,0
27.97125744819641,128
27.982502698898315,64
27.993749856948853,64
28.004985094070435,0
28.016220808029175,64
28.027589559555054,0
28.03872585296631,0
28.04985022544861,0
28.06095862388611,64
28.072071075439453,0
28.083175659179688,128
28.094280242919922,0
28.105385065078735,192
28.116495370864868,128
28.127711296081543,128
28.13903021812439,0
28.150283098220825,0
28.16153073310852,0
28.17277503013611,0
28.184015035629272,64
28.19525671005249,0
28.20650029182434,0
28.217740535736084,64
28.229119300842285,0
28.240256309509277,0
28.251367807388306,0
28.26247787475586,64
28.273606777191162,64
28.284714937210083,0
28.295818328857422,128
28.306944131851196,128
28.31805729866028,0
28.329281091690063,0
28.340563774108887,64
28.351820945739746,64
28.3630633354187,64
28.374308347702026,0
28.385542392730713,0
28.39679265022278,0
28.408042430877686,64
28.419288158416748,64
28.430654525756836,0
28.441789865493774,0
28.452908515930176,0
28.46401858329773,0
28.47513461112976,128
28.486242294311523,64
28.49735164642334,192
28.508459091186523,0
28.51968026161194,128
28.530904293060303,128
28.542168378829956,0
28.553422451019287,0
28.564666986465454,64
28.57590675354004,64
28.587146759033203,0
28.59839153289795,64
28.609675407409668,0
28.62092113494873,64
28.632285118103027,0
28.643423795700073,0
28.654541969299316,64
28.665652990341187,64
28.676762342453003,0
28.68787121772766,192
28.69898009300232,64
28.71008849143982,0
28.721194744110107,0
28.732428789138794,0
28.743701696395874,128
28.75495719909668,0
28.76620364189148,64
28.77744483947754,128
28.788689136505127,192
28.799986124038696,64
28.811250686645508,64
28.8224995136261,64
28.83387303352356,0
28.84500813484192,0
28.856119632720947,0
28.86722731590271,0
28.878418922424316,0
28.889594078063965,0
28.900710582733154,64
28.91182589530945,0
28.922938108444214,0
28.934159517288208,0
28.945424795150757,0
28.95667338371277,0
28.967917442321777,128
28.979240655899048,0
28.990545749664307,0
29.001798629760742,128
29.013041734695435,0
29.024280786514282,0
29.035654306411743,0
29.0467848777771,64
29.057897090911865,128
29.069011211395264,64
29.080131769180298,0
29.091238260269165,0
29.10234761238098,64
29.113556623458862,0
29.124691009521484,128
29.13585090637207,0
29.14698886871338,128
29.15810775756836,64
29.16921591758728,128
29.18032145500183,0
29.191436052322388,64
29.202545166015625,0
29.213651657104492,0
29.224764108657837,128
29.23599910736084,0
29.24726963043213,128
29.258517265319824,0
29.26982283592224,0
29.281069040298462,0
29.29231071472168,0
29.30355143547058,64
29.314921617507935,64
29.326215744018555,0
29.337618112564087,64
29.348756551742554,0
29.359901189804077,0
29.371021509170532,0
29.38212490081787,64
29.39324116706848,0
29.404356002807617,128
29.415464401245117,0
29.426578760147095,64
29.437801837921143,0
29.449070692062378,0
29.46032190322876,64
29.471596240997314,0
29.482846975326538,0
29.49409008026123,64
29.505340099334717,128
29.516581058502197,0
29.527831315994263,64
29.539212942123413,128
29.550352334976196,64
29.56146740913391,192
29.572576999664307,128
29.583688974380493,64
29.594793558120728,0
29.60590434074402,192
29.617011785507202,64
29.628117322921753,64
29.639346599578857,64
29.650628805160522,0
29.661879777908325,128
29.67312455177307,0
29.6843683719635,64
29.695613622665405,0
29.706859350204468,192
29.718104124069214,64
29.729346990585327,0
29.74071979522705,64
29.75186800956726,0
29.762991189956665,64
29.774109601974487,0
29.785220623016357,0
29.796329736709595,128
29.807441473007202,64
29.818549633026123,0
29.82976984977722,64
29.841007709503174,192
29.85227608680725,128
29.86352849006653,0
29.874773740768433,64
29.886010885238647,0
29.897258281707764,0
29.908501148223877,64
29.9197895526886,64
29.931039333343506,128
29.94240689277649,64
29.953539848327637,64
29.964659214019775,64
29.975767135620117,0
29.986876487731934,64
29.99797797203064,192
30.009085178375244,64
30.020237922668457,0
30.031359910964966,0
30.04258155822754,128
30.053849697113037,64
30.06509304046631,0
30.076345443725586,64
30.087594985961914,0
30.0988929271698,64
30.110140562057495,0
30.121381998062134,64
30.132622957229614,0
30.144004106521606,64
30.15513777732849,0
30.16625165939331,0
30.177363395690918,64
30.188472270965576,0
30.199617862701416,0
30.21073055267334,64
30.221840143203735,0
30.232943534851074,0
30.244160413742065,0
30.255425691604614,0
30.26667547225952,0
30.277919054031372,64
30.28916049003601,64
30.300403594970703,64
30.31164526939392,0
30.322885990142822,0
30.334128856658936,64
30.345518827438354,0
30.356656789779663,64
30.367775201797485,128
30.37892198562622,0
30.39004349708557,128
30.401187419891357,0
30.4123055934906,0
30.42343044281006,0
30.43454360961914,0
30.445772647857666,64
30.45704436302185,0
30.46829390525818,64
30.47957968711853,0
30.49082851409912,64
30.50207257270813,64
30.513312578201294,0
30.52455973625183,64
30.535807132720947,64
30.54717707633972,0
30.55831289291382,128
30.569478034973145,128
30.580597162246704,64
30.591708421707153,0
30.602818965911865,0
30.613937377929688,192
30.625049591064453,0
30.636152029037476,128
30.647384881973267,64
30.65865468978882,0
30.669949054718018,0
30.681216716766357,0
30.692466735839844,64
30.703713417053223,128
30.714956998825073,64
30.726201057434082,0
30.737443447113037,0
30.748881101608276,128
30.760021209716797,64
30.7711398601532,0
30.782264232635498,192
30.793378829956055,128
30.80449080467224,0
30.815598011016846,192
30.826951265335083,0
30.838375091552734,128
30.84972071647644,0
30.860950231552124,128
30.8721022605896,192
30.88321542739868,64
30.894335508346558,64
30.90545392036438,64
30.916563272476196,128
30.927674531936646,0
30.938783168792725,0
30.949992179870605,0
30.961105823516846,0
30.97221875190735,64
30.983331203460693,192
30.994439840316772,64
31.005547523498535,64
31.016655206680298,128
31.02776265144348,192
31.0389244556427,64
31.050162076950073,0
31.06149458885193,0
31.072759866714478,0
31.084004163742065,0
31.09524941444397,0
31.106497287750244,0
31.117741584777832,64
31.12899112701416,64
31.14024257659912,0
31.15161418914795,0
31.16274642944336,64
31.173863172531128,0
31.184972286224365,0
31.196082592010498,0
31.207191944122314,64
31.21830177307129,128
31.229453802108765,0
31.240564346313477,128
31.25178360939026,64
31.263049840927124,64
31.274314641952515,0
31.28555965423584,64
31.29680871963501,64
31.308058738708496,64
31.319303035736084,128
31.330543994903564,0
31.341809511184692,0
31.353179693222046,64
31.364322423934937,0
31.375452041625977,0
31.386563062667847,0
31.39768099784851,128
31.408785104751587,0
31.419944286346436,192
31.431049346923828,0
31.442158699035645,0
31.4533851146698,128
31.464667558670044,64
31.475922107696533,64
31.48716449737549,64
31.498406887054443,64
31.509693384170532,0
31.520935773849487,0
31.532177925109863,0
31.54341745376587,64
31.55479121208191,0
31.56592607498169,0
31.577041387557983,64
31.58815026283264,64
31.599257469177246,128
31.61036443710327,192
31.621473789215088,0
31.632583141326904,0
31.64369773864746,0
31.654919624328613,64
31.666179656982422,64
31.677427053451538,0
31.6886727809906,0
31.699968576431274,0
31.711214542388916,64
31.722489833831787,0
31.733731746673584,0
31.74497389793396,64
31.756344079971313,64
31.767478466033936,192
31.778587341308594,0
31.789745330810547,128
31.800862550735474,0
31.8119797706604,64
31.82309126853943,0
31.834201335906982,0
31.845308303833008,64
31.856533765792847,128
31.86779260635376,0
31.879124641418457,0
31.89039182662964,64
31.901642560958862,0
31.9128897190094,64
31.92413067817688,64
31.935373067855835,64
31.946614503860474,64
31.957984685897827,64
31.96912407875061,0
31.98023796081543,0
31.991344213485718,0
32.00245451927185,0
32.01356029510498,0
32.02466440200806,0
32.03577280044556,64
32.0468852519989,0
32.05815625190735,128
32.069475173950195,64
32.08083128929138,128
32.09210014343262,0
32.10350823402405,128
32.11483430862427,0
32.12611103057861,192
32.13736939430237,0
32.148624658584595,0
32.16011071205139,0
32.17125391960144,0
32.18237066268921,128
32.19349646568298,0
32.20461916923523,0
32.215747594833374,128
32.226866245269775,64
32.2379834651947,128
32.24910545349121,0
32.26034235954285,64
32.271615982055664,0
32.282875776290894,0
32.29413294792175,64
32.3053834438324,64
32.31664037704468,64
32.32789731025696,0
32.33916115760803,128
32.35043430328369,0
32.36183285713196,64
32.37299823760986,64
32.384153842926025,128
32.39530086517334,128
32.40644907951355,128
32.41758847236633,0
32.42872881889343,64
32.43986964225769,0
32.45100927352905,128
32.46226119995117,0
32.4735894203186,0
32.484893798828125,0
32.49617791175842,0
32.50747561454773,0
32.518757581710815,64
32.5300395488739,0
32.541319131851196,64
32.55259895324707,64
32.56399655342102,64
32.57515501976013,0
32.58630108833313,192
32.59743928909302,64
32.60857319831848,0
32.61974883079529,128
32.630889892578125,128
32.64202904701233,64
32.6531720161438,0
32.664421796798706,64
32.67572379112244,64
32.68700671195984,0
32.6982855796814,64
32.70961284637451,64
32.720892667770386,0
32.73215699195862,0
32.74347233772278,0
32.75476098060608,0
32.766151666641235,64
32.77731466293335,128
32.78845572471619,0
32.79963254928589,0
32.81077027320862,0
32.82190680503845,64
32.83304953575134,64
32.84418797492981,128
32.85532593727112,0
32.86656999588013,0
32.87786817550659,0
32.889156103134155,0
32.9004328250885,0
32.91171479225159,128
32.92299294471741,64
32.93426871299744,0
32.94554567337036,0
32.95682144165039,0
32.968225955963135,0
32.97943305969238,0
32.99057984352112,0
33.001726150512695,0
33.01286840438843,0
33.024005651474,192
33.03514647483826,64
33.04628229141235,0
33.0574209690094,0
33.068666219711304,64
33.08004093170166,0
33.091339349746704,0
33.10262155532837,64
33.11390018463135,0
33.12517738342285,64
33.13646054267883,64
33.14777851104736,0
33.159082889556885,64
33.17050862312317,64
33.18167686462402,0
33.19282817840576,64
33.203969955444336,128
33.215110301971436,0
33.22624945640564,0
33.237391233444214,0
33.24853324890137,0
33.25972127914429,0
33.270973920822144,64
33.28226971626282,0
33.29355788230896,128
33.30483651161194,0
33.316113233566284,0
33.327388048172,64
33.338664293289185,192
33.34998893737793,64
33.36126756668091,64
33.37266659736633,64
33.38383173942566,0
33.394981384277344,0
33.40612530708313,64
33.41726613044739,0
33.42840337753296,0
33.43963956832886,64
33.45079040527344,0
33.46192789077759,64
33.47316884994507,0
33.484461545944214,0
33.495741844177246,128
33.50702452659607,64
33.51829934120178,0
33.52961826324463,128
33.540894508361816,128
33.552165031433105,0
33.563440799713135,0
33.57484006881714,64
33.58600044250488,128
33.59713935852051,0
33.60827851295471,128
33.619460344314575,0
33.63060450553894,64
33.64174294471741,128
33.65288281440735,0
33.66401481628418,128
33.67520356178284,0
33.68650698661804,64
33.69778847694397,0
33.709070444107056,0
33.72035598754883,0
33.73163342475891,0
33.74290585517883,64
33.754183292388916,64
33.76545476913452,0
33.77685236930847,64
33.788007497787476,128
33.799152135849,128
33.81028628349304,64
33.8214213848114,0
33.83255696296692,0
33.843698501586914,192
33.854835987091064,0
33.865971326828,64
33.87721586227417,64
33.888514041900635,64
33.899885177612305,0
33.911173582077026,64
33.92253017425537,64
33.933815717697144,0
33.94509720802307,128
33.95638036727905,64
33.96765995025635,64
33.97907209396362,64
33.990238904953,128
34.001384019851685,64
34.01252222061157,64
34.0236599445343,192
34.03480339050293,0
34.04594087600708,64
34.0570809841156,128
34.06821823120117,0
34.079506397247314,192
34.090808391571045,64
34.102089405059814,64
34.11337161064148,0
34.124645948410034,0
34.13591980934143,0
34.1471951007843,64
34.158472537994385,0
34.16979002952576,128
34.18106436729431,64
34.19223165512085,192
34.20337796211243,128
34.21451783180237,64
34.22566056251526,64
34.2368004322052,128
34.2479407787323,64
34.25907635688782,0
34.27021551132202,0
34.28149700164795,0
34.292799949645996,0
34.30409026145935,0
34.31536865234375,0
34.32664632797241,64
34.337921142578125,128
34.349201679229736,128
34.36047863960266,0
34.37176299095154,0
34.38316321372986,64
34.39432764053345,64
34.40546798706055,64
34.41660833358765,0
34.4277606010437,0
34.43894124031067,0
34.450087785720825,64
34.461225748062134,0
34.47236728668213,0
34.483614444732666,0
34.4949107170105,128
34.50619316101074,64
34.51747107505798,128
34.52874684333801,64
34.54002594947815,0
34.55130434036255,0
34.56257939338684,0
34.57388424873352,64
34.58529281616211,64
34.59646034240723,128
34.607603788375854,0
34.618748903274536,64
34.62989044189453,128
34.641030073165894,128
34.65217208862305,64
34.663310289382935,128
34.67444968223572,128
34.685702323913574,64
34.69699573516846,0
34.70827770233154,0
34.719714879989624,0
34.731019258499146,0
34.74229311943054,0
34.753570556640625,128
34.76484799385071,0
34.77612376213074,64
34.78753685951233,0
34.79870319366455,64
34.809853315353394,64
34.820990562438965,0
34.83212733268738,0
34.843265771865845,128
34.85440135002136,0
34.86554145812988,64
34.8766987323761,0
34.887964725494385,64
34.899269342422485,64
34.91055917739868,0
34.921841621398926,128
34.933130741119385,0
34.94440817832947,0
34.955687046051025,128
34.966965198516846,0
34.97824311256409,64
34.989710569381714,64
35.00088453292847,0
35.01203632354736,0
35.02317786216736,0
35.03432273864746,192
35.045466899871826,64
35.05660438537598,0
35.06774616241455,0
35.07892203330994,0
35.09011673927307,0
35.10125684738159,0
35.112391233444214,64
35.123531103134155,0
35.13467049598694,0
35.14588904380798,128
35.15705966949463,64
35.16820788383484,128
35.17935395240784,0
35.19062876701355,128
35.20193862915039,0
35.213239908218384,64
35.224560260772705,128
35.23584604263306,0
35.24712944030762,64
35.258411169052124,64
35.2697491645813,0
35.28102946281433,0
35.292436361312866,64
35.30360174179077,0
35.314743995666504,0
35.325888872146606,128
35.33704352378845,0
35.34818696975708,0
35.35933041572571,64
35.370471239089966,0
35.381603956222534,0
35.3928656578064,64
35.40416669845581,64
35.41544508934021,0
35.42672085762024,0
35.43799805641174,0
35.44928193092346,0
35.46056056022644,64
35.471845865249634,0
35.48315930366516,128
35.494566440582275,0
35.505725622177124,0
35.51686930656433,0
35.5280122756958,0
35.53915452957153,128
35.550299644470215,0
35.56143879890442,128
35.572575092315674,0
35.58371424674988,128
35.59495830535889,0
35.606255531311035,0
35.6175377368927,64
35.628918409347534,64
35.64021348953247,0
35.65149784088135,128
35.66277003288269,0
35.67404890060425,0
35.68532919883728,128
35.69672894477844,0
35.7078902721405,0
35.71903729438782,64
35.730175495147705,0
35.74130940437317,0
35.75244855880737,0
35.76358485221863,64
35.77471995353699,64
35.78585505485535,128
35.7970974445343,64
35.80839228630066,0
35.81972074508667,64
35.8310010433197,64
35.842278480529785,64
35.85355353355408,64
35.86495637893677,64
35.87627053260803,64
35.88755464553833,64
35.89901566505432,0
35.910181522369385,128
35.92133092880249,0
35.932478189468384,0
35.9436194896698,128
35.95476579666138,0
35.965903520584106,128
35.97704720497131,64
35.988187313079834,0
35.999375104904175,0
36.01052165031433,64
36.02165913581848,64
36.03279519081116,192
36.043933629989624,0
36.055073499679565,128
36.06621789932251,0
36.07736921310425,192
36.08852767944336,128
36.0998330116272,64
36.11113619804382,0
36.1224205493927,0
36.13370418548584,64
36.144986152648926,128
36.156269788742065,192
36.16754961013794,0
36.17888116836548,192
36.190162658691406,64
36.20156502723694,0
36.212729692459106,0
36.22387385368347,64
36.23501634597778,128
36.246158599853516,0
36.25729751586914,0
36.26845908164978,0
36.27963900566101,64
36.29078388214111,0
36.30203557014465,0
36.313334941864014,0
36.32461643218994,0
36.3358941078186,64
36.347171783447266,64
36.358447313308716,0
36.36979055404663,64
36.381067752838135,64
36.39234781265259,64
36.40384888648987,64
36.41502141952515,0
36.426172971725464,0
36.43731617927551,64
36.44845676422119,0
36.45964479446411,0
36.47081542015076,64
36.4819655418396,64
36.493114948272705,192
36.50430512428284,128
36.51544713973999,128
36.526586055755615,192
36.53772974014282,0
36.54890823364258,0
36.56004548072815,0
36.571189641952515,0
36.58232855796814,0
36.593467235565186,0
36.60472011566162,64
36.61601662635803,128
36.62729740142822,0
36.63857340812683,64
36.64989876747131,128
36.66118788719177,0
36.67247200012207,0
36.683770418167114,0
36.695053577423096,64
36.706467628479004,0
36.71762728691101,0
36.72877240180969,128
36.739917278289795,0
36.751060485839844,0
36.762200117111206,128
36.77333927154541,64
36.78447651863098,0
36.795615434646606,128
36.80686402320862,64
36.818159103393555,192
36.82948422431946,128
36.840763092041016,0
36.852039098739624,0
36.86331582069397,64
36.87459182739258,64
36.885865211486816,64
36.89714479446411,0
36.90853810310364,0
36.919743061065674,0
36.931058168411255,0
36.94221305847168,0
36.95335149765015,0
36.96449017524719,64
36.97563815116882,64
36.98677659034729,128
36.99791622161865,64
37.009116649627686,64
37.020259141922,0
37.03139877319336,0
37.04253268241882,0
37.05367064476013,0
37.06480884552002,128
37.07594585418701,0
37.08708667755127,64
37.09822201728821,128
37.10951828956604,0
37.12081861495972,64
37.13210606575012,128
37.14338684082031,0
37.154664754867554,0
37.16594839096069,64
37.17722535133362,64
37.18850564956665,0
37.199833154678345,64
37.21123480796814,128
37.22241926193237,128
37.23356509208679,0
37.24470138549805,0
37.25583863258362,128
37.266979932785034,64
37.278115034103394,0
37.28926706314087,0
37.300445318222046,64
37.31170701980591,128
37.323012351989746,0
37.334298610687256,0
37.34558176994324,0
37.356855630874634,0
37.36813306808472,64
37.379411458969116,0
37.3906946182251,128
37.40197491645813,0
37.413376808166504,0
37.42457413673401,64
37.43572211265564,128
37.44686222076416,0
37.458000898361206,0
37.46914482116699,64
37.4802942276001,0
37.49143624305725,192
37.50257849693298,64
37.51382899284363,0
37.52512168884277,64
37.53640699386597,64
37.54768633842468,128
37.55900573730469,0
37.57026124000549,64
37.58150243759155,64
37.5927472114563,0
37.60399150848389,128
37.61535930633545,128
37.62649178504944,128
37.63760280609131,0
37.64871573448181,64
37.659831523895264,128
37.67094111442566,64
37.68205118179321,0
37.69316244125366,0
37.70427131652832,64
37.71549320220947,64
37.726757526397705,64
37.73800802230835,0
37.749250411987305,0
37.76048994064331,0
37.77174258232117,64
37.78298306465149,0
37.794227600097656,0
37.80547118186951,64
37.81683921813965,64
37.82797694206238,128
37.839091062545776,64
37.850196838378906,0
37.861303091049194,0
37.87241077423096,0
37.88353228569031,128
37.894646406173706,192
37.90575289726257,0
37.916969776153564,64
37.92824864387512,64
37.93955588340759,64
37.95081162452698,64
37.962055921554565,64
37.973302364349365,0
37.984543323516846,0
37.995790243148804,0
38.007033824920654,0
38.0184121131897,0
38.02959489822388,64
38.04071617126465,128
38.05183458328247,128
38.06294369697571,0
38.07405614852905,64
38.085166931152344,64
38.09628462791443,0
38.10739469528198,128
38.118613719940186,0
38.12993764877319,128
38.14119577407837,0
38.1524441242218,0
38.16368913650513,128
38.17494010925293,0
38.18618321418762,64
38.19742226600647,0
38.20866274833679,0
38.220213651657104,128
38.23137545585632,0
38.24250340461731,64
38.25364136695862,0
38.26476430892944,0
38.275877952575684,64
38.28699231147766,128
38.298095703125,64
38.30920171737671,0
38.32042694091797,0
38.33169102668762,0
38.34296226501465,0
38.35421347618103,64
38.36545968055725,128
38.37670016288757,128
38.387940883636475,64
38.399194955825806,0
38.410441637039185,0
38.42180395126343,0
38.43293857574463,128
38.444053411483765,64
38.455158948898315,128
38.46627688407898,64
38.477388858795166,0
38.48853945732117,0
38.499730348587036,0
38.51084566116333,64
38.52206635475159,64
38.533332109451294,0
38.544586181640625,0
38.55583572387695,0
38.56707572937012,0
38.57831382751465,128
38.589604139328,64
38.60084915161133,0
38.61209726333618,0
38.62346529960632,0
38.63459801673889,0
38.64571809768677,0
38.65682768821716,192
38.667935609817505,128
38.67904758453369,192
38.69015550613403,128
38.70126509666443,0
38.71237087249756,128
38.72359871864319,64
38.734864711761475,0
38.74613356590271,64
38.75738501548767,0
38.768627405166626,0
38.77991485595703,128
38.79116487503052,0
38.802410364151,64
38.81364989280701,0
38.825010538101196,64
38.836145639419556,64
38.84726071357727,0
38.85836744308472,64
38.869524240493774,64
38.88064241409302,0
38.89175367355347,64
38.90285611152649,0
38.913965463638306,0
38.92517971992493,64
38.93645453453064,64
38.947699546813965,64
38.95898246765137,0
38.970240116119385,0
38.98148512840271,64
38.992725133895874,0
39.00396537780762,0
39.015212535858154,64
39.02657628059387,64
39.03770899772644,0
39.04887294769287,128
39.05999207496643,128
39.0711030960083,128
39.08225965499878,128
39.093379974365234,64
39.10449147224426,0
39.11559820175171,0
39.12682366371155,128
39.13808798789978,0
39.1493444442749,64
39.160593032836914,64
39.171836614608765,64
39.183077812194824,0
39.19431972503662,64
39.20556998252869,0
39.21680808067322,0
39.22816586494446,0
39.23930859565735,0
39.250420331954956,0
39.26152682304382,0
39.27263784408569,0
39.283746004104614,64
39.29485511779785,128
39.30595803260803,128
39.317065954208374,128
39.328283071517944,0
39.33963227272034,0
39.350892782211304,0
39.362144231796265,0
39.37338972091675,0
39.38466143608093,0
39.395910024642944,0
39.40715765953064,0
39.41839814186096,0
39.42982316017151,128
39.44095754623413,0
39.45207381248474,128
39.46317911148071,0
39.474284410476685,128
39.48539733886719,0
39.496506690979004,0
39.5076117515564,0
39.518717527389526,0
39.52995729446411,128
39.541229009628296,64
39.552478551864624,0
39.56372952461243,64
39.57497429847717,64
39.58622169494629,64
39.59746432304382,128
39.60871124267578,0
39.61995458602905,0
39.63115453720093,128
39.64231491088867,0
39.65343165397644,0
39.66453766822815,128
39.67564630508423,128
39.68680453300476,64
39.69792366027832,64
39.70903158187866,0
39.720139026641846,0
39.731360912323,192
39.74263072013855,64
39.75388216972351,0
39.76512885093689,0
39.7763729095459,0
39.78761267662048,0
39.798912525177,0
39.81017017364502,0
39.82141947746277,64
39.83278203010559,64
39.84391474723816,0
39.85502648353577,128
39.86613893508911,0
39.877243995666504,0
39.8883535861969,64
39.8995087146759,0
39.91061806678772,0
39.921730518341064,192
39.932944536209106,0
39.94420886039734,0
39.95546007156372,0
39.96670889854431,0
39.977954387664795,64
39.98920035362244,64
40.0004448890686,64
40.0116913318634,128
40.0229287147522,64
40.034297704696655,64
40.04543852806091,64
40.05655026435852,0
40.06765913963318,64
40.078765869140625,0
40.08988428115845,0
40.100994348526,0
40.112098693847656,128
40.123209714889526,0
40.134421586990356,0
40.1456835269928,64
40.156930446624756,64
40.168177366256714,64
40.179458141326904,64
40.19070649147034,64
40.20195436477661,192
40.21319532394409,64
40.224432706832886,0
40.235796213150024,64
40.24692964553833,0
40.25804328918457,64
40.26918363571167,64
40.280292987823486,64
40.291447162628174,64
40.30256652832031,128
40.31367468833923,192
40.32478165626526,128
40.3360071182251,64
40.34727668762207,64
40.35852551460266,64
40.36983561515808,64
40.381083965301514,128
40.39232420921326,64
40.40357995033264,64
40.41482591629028,128
40.42610192298889,128
40.437469482421875,0
40.44861125946045,128
40.45977187156677,64
40.47088575363159,128
40.48199772834778,128
40.49310564994812,0
40.50421166419983,0
40.51532578468323,0
40.526437520980835,128
40.537657260894775,128
40.54897689819336,192
40.560243368148804,128
40.57256817817688,0
40.584861040115356,0
40.59693765640259,0
40.60937762260437,0
40.621309757232666,0
40.632646322250366,64
40.643718242645264,64
40.65474200248718,0
40.66575813293457,0
40.67678093910217,64
40.687806844711304,0
40.698853731155396,0
40.70987057685852,128
40.72088098526001,0
40.731878995895386,0
40.74299383163452,64
40.75426006317139,128
40.765515089035034,64
40.776761293411255,64
40.787999868392944,64
40.799240827560425,0
40.8104887008667,64
40.82174253463745,0
40.8329861164093,64
40.8443706035614,0
40.8555064201355,128
40.866621255874634,0
40.87773013114929,0
40.888930320739746,0
40.90006923675537,64
40.91118574142456,0
40.92230200767517,64
40.93342065811157,192
40.944648027420044,64
40.955912590026855,128
40.9671688079834,0
40.9784152507782,0
40.989707231521606,0
41.00095796585083,64
41.01225805282593,128
41.023507833480835,64
41.034748792648315,0
41.04611682891846,64
41.0572566986084,0
41.06837725639343,0
41.07953715324402,64
41.090651988983154,64
41.101770877838135,192
41.11287713050842,0
41.12398314476013,128
41.13509130477905,192
41.146318435668945,128
41.157586336135864,0
41.16888236999512,64
41.180137395858765,64
41.1913743019104,0
41.20261549949646,0
41.213858127593994,64
41.225093126297,0
41.236412525177,0
41.24782085418701,0
41.25897479057312,128
41.27011227607727,64
41.281235456466675,0
41.29234838485718,0
41.30345892906189,64
41.31457304954529,128
41.325677156448364,0
41.33678650856018,128
41.348007678985596,64
41.35928153991699,128
41.370535373687744,64
41.38176965713501,64
41.39302206039429,64
41.40426564216614,64
41.41551208496094,0
41.42675065994263,0
41.43799161911011,128
41.44935464859009,64
41.46054482460022,128
41.47167778015137,0
41.48279118537903,192
41.493929624557495,0
41.505040645599365,128
41.51615262031555,0
41.527260541915894,0
41.538373708724976,0
41.54957294464111,64
41.560697078704834,64
41.57180857658386,0
41.582916498184204,0
41.594019412994385,128
41.60512661933899,0
41.616246700286865,64
41.62735939025879,0
41.63846206665039,64
41.64974522590637,64
41.661025285720825,64
41.67227745056152,0
41.68351936340332,0
41.69475769996643,64
41.70600199699402,0
41.71724581718445,64
41.728482723236084,0
41.7397677898407,0
41.751139640808105,0
41.762274980545044,64
41.773386001586914,64
41.78449559211731,128
41.79561638832092,0
41.80673122406006,192
41.817842960357666,0
41.8289520740509,0
41.84006333351135,64
41.8512818813324,0
41.862552881240845,64
41.87381458282471,0
41.8850531578064,0
41.89630436897278,128
41.90754675865173,64
41.918790102005005,64
41.930081367492676,64
41.94132947921753,64
41.952698707580566,0
41.96383023262024,0
41.97494459152222,0
41.98605227470398,0
41.99716353416443,0
42.00827193260193,128
42.01942181587219,0
42.03054213523865,64
42.04165601730347,128
42.05288791656494,128
42.06414818763733,64
42.07541084289551,0
42.08667492866516,64
42.09791827201843,0
42.10915780067444,128
42.120404958724976,64
42.13163685798645,0
42.1428804397583,64
42.154256105422974,64
42.16539287567139,64
42.176507234573364,0
42.18761396408081,192
42.19872522354126,64
42.2098331451416,192
42.22093939781189,64
42.23205041885376,128
42.24315524101257,0
42.25437045097351,64
42.26563549041748,0
42.276885747909546,0
42.28813076019287,64
42.2993848323822,64
42.31063461303711,64
42.32187223434448,128
42.333109617233276,0
42.3443489074707,128
42.35572028160095,128
42.366849184036255,0
42.37796425819397,0
42.38908362388611,64
42.400203704833984,64
42.411312103271484,64
42.42241835594177,0
42.43352794647217,0
42.44463229179382,0
42.45584535598755,128
42.467106103897095,0
42.47835731506348,0
42.48970890045166,0
42.500993490219116,0
42.51225018501282,64
42.52349281311035,128
42.53473210334778,0
42.545971632003784,0
42.55734586715698,0
42.56847882270813,128
42.579689025878906,0
42.59080767631531,64
42.601911544799805,64
42.613014459609985,0
42.62411952018738,128
42.635228633880615,64
42.64634919166565,64
42.65756678581238,64
42.668864488601685,0
42.680121421813965,128
42.69138693809509,128
42.702637672424316,64
42.71388554573059,0
42.725127935409546,64
42.736369371414185,0
42.747604846954346,0
42.75897789001465,0
42.77010631561279,0
42.78122043609619,128
42.79233169555664,128
42.803438901901245,0
42.81454944610596,64
42.82565784454346,128
42.83676743507385,64
42.84787559509277,128
42.859089374542236,0
42.87035298347473,0
42.88159155845642,0
42.892852544784546,64
42.904115200042725,0
42.91535997390747,0
42.92660212516785,0
42.93784475326538,0
42.949095487594604,64
42.96047258377075,64
42.97160792350769,64
42.982767820358276,128
42.99388933181763,64
43.00499892234802,64
43.01610541343689,0
43.02720808982849,0
43.03831934928894,64
43.04947376251221,0
43.06070876121521,64
43.071988582611084,0
43.083237171173096,64
43.09448742866516,0
43.105732679367065,0
43.11700963973999,0
43.12824845314026,0
43.13954758644104,0
43.150806188583374,0
43.16218161582947,0
43.17331314086914,0
43.18442630767822,0
43.19554114341736,128
43.20664668083191,128
43.217751026153564,128
43.22890067100525,0
43.24001932144165,64
43.25112843513489,192
43.262343406677246,0
43.27360653877258,128
43.28485107421875,0
43.296112298965454,0
43.30735778808594,128
43.31860589981079,0
43.329901456832886,64
43.341171979904175,128
43.35242247581482,64
43.3637900352478,0
43.37492084503174,64
43.386027097702026,0
43.397140979766846,0
43.408254861831665,64
43.4193971157074,0
43.430516481399536,0
43.441617488861084,128
43.45272421836853,0
43.463942766189575,0
43.475210189819336,128
43.48645520210266,0
43.49769115447998,0
43.509060859680176,64
43.52032709121704,64
43.53156852722168,64
43.542863607406616,64
43.55411911010742,0
43.56548595428467,128
43.57662391662598,128
43.58774662017822,128
43.598950147628784,0
43.610071897506714,128
43.62118577957153,0
43.63229012489319,0
43.64340615272522,64
43.65452289581299,64
43.665751457214355,0
43.677019119262695,0
43.68826603889465,64
43.699557304382324,64
43.71081900596619,64
43.72206449508667,0
43.73330092430115,64
43.74454617500305,128
43.75579309463501,0
43.7671594619751,0
43.77828621864319,0
43.78943943977356,0
43.8005530834198,0
43.81165599822998,0
43.82276797294617,192
43.833921909332275,0
43.84503889083862,0
43.85614824295044,192
43.867363929748535,0
43.87862467765808,0
43.889962673187256,0
43.901214838027954,0
43.91246199607849,0
43.923710107803345,0
43.93497586250305,64
43.94622325897217,128
43.957464933395386,0
43.968886375427246,0
43.98002743721008,128
43.99115037918091,128
44.00226855278015,0
44.01337742805481,192
44.024486780166626,64
44.03559446334839,0
44.046703577041626,0
44.05781316757202,128
44.069042921066284,0
44.08031940460205,128
44.09157991409302,64
44.10281991958618,64
44.11407661437988,0
44.12532138824463,0
44.136557817459106,0
44.147806882858276,64
44.1590621471405,0
44.17044472694397,0
44.18158316612244,192
44.192697286605835,0
44.20380401611328,0
44.21490955352783,64
44.22601556777954,64
44.23712420463562,0
44.2482385635376,64
44.25935077667236,192
44.27057456970215,0
44.28183841705322,0
44.29308199882507,0
44.30432677268982,64
44.31556797027588,0
44.326810121536255,64
44.338051319122314,64
44.34930229187012,64
44.36065721511841,128
44.37205100059509,64
44.38319182395935,128
44.394325494766235,64
44.40544557571411,0
44.416558265686035,64
44.42767143249512,0
44.43877959251404,0
44.450000524520874,0
44.46110773086548,0
44.472323417663574,64
44.48358964920044,0
44.4948627948761,64
44.50610637664795,0
44.5173544883728,64
44.52859926223755,0
44.53989505767822,0
44.551138401031494,64
44.562384605407715,64
44.573747396469116,64
44.584911823272705,64
44.596038818359375,128
44.60715937614441,0
44.61826682090759,0
44.62941360473633,0
44.640538692474365,0
44.651649475097656,0
44.662790060043335,0
44.67395806312561,192
44.68507933616638,0
44.696187257766724,0
44.70729470252991,0
44.71839737892151,0
44.729546546936035,0
44.7406530380249,0
44.751763105392456,0
44.76287269592285,0
44.77409601211548,0
44.78535795211792,0
44.79660415649414,0
44.80784487724304,0
44.81909227371216,0
44.83033776283264,128
44.84158110618591,0
44.852821826934814,128
44.86406946182251,0
44.8754358291626,64
44.88656163215637,0
44.89768099784851,64
44.9087929725647,64
44.91994905471802,64
44.93106126785278,128
44.94218182563782,64
44.953293800354004,0
44.96440529823303,128
44.97561955451965,0
44.98689341545105,64
44.99814796447754,64
45.00939655303955,64
45.02064275741577,0
45.031885623931885,64
45.04312562942505,64
45.05436158180237,0
45.06559753417969,0
45.076963663101196,0
45.08809852600098,192
45.09923601150513,0
45.110358238220215,0
45.12147498130798,128
45.132588386535645,64
45.14371657371521,0
45.154829025268555,64
45.16594123840332,128
45.17716360092163,64
45.188424825668335,0
45.1997287273407,0
45.21098041534424,0
45.222219944000244,0
45.23345732688904,0
45.244699478149414,64
45.25594401359558,128
45.26718282699585,0
45.27854371070862,64
45.28972244262695,0
45.30084013938904,0
45.31194734573364,128
45.323055267333984,64
45.33416438102722,192
45.345274925231934,0
45.35637903213501,0
45.36748790740967,0
45.378718852996826,64
45.39001989364624,0
45.40127229690552,0
45.412519216537476,0
45.42376351356506,0
45.435001850128174,0
45.446269035339355,64
45.457523822784424,0
45.468770027160645,64
45.48014736175537,64
45.491294145584106,0
45.50241136550903,128
45.51352024078369,128
45.52463150024414,64
45.5357449054718,0
45.546852111816406,0
45.557960510253906,192
45.569068908691406,0
45.58029127120972,64
45.591556787490845,64
45.60280466079712,64
45.61404252052307,0
45.625574827194214,64
45.63694906234741,64
45.6482412815094,0
45.65957260131836,0
45.670838832855225,64
45.6822190284729,64
45.69338417053223,128
45.70450830459595,0
45.71562314033508,0
45.726733446121216,0
45.73784518241882,192
45.74895739555359,64
45.76006293296814,64
45.77118229866028,0
45.78241205215454,0
45.79367661476135,64
45.804927587509155,0
45.81617879867554,128
45.827422857284546,0
45.83866238594055,0
45.84996438026428,128
45.8612105846405,0
45.87244987487793,0
45.88381505012512,0
45.89496326446533,0
45.90609431266785,0
45.91720414161682,64
45.92831563949585,64
45.93956160545349,192
45.95068955421448,64
45.96183753013611,0
45.972957372665405,128
45.98419260978699,64
45.995458364486694,0
46.0067081451416,0
46.017956018447876,64
46.02920699119568,0
46.04044818878174,0
46.05168700218201,0
46.062934160232544,64
46.07418084144592,0
46.08554029464722,0
46.09668016433716,0
46.10779809951782,0
46.118955850601196,0
46.130067110061646,0
46.141183376312256,128
46.152302503585815,0
46.16341304779053,0
46.17452359199524,128
46.1857488155365,64
46.197012186050415,64
46.20825505256653,64
46.21955060958862,0
46.23079562187195,0
46.24204134941101,128
46.25328063964844,64
46.26452374458313,64
46.275768518447876,0
46.28713917732239,64
46.2982964515686,64
46.309468269348145,64
46.32058787345886,0
46.33169865608215,64
46.342806339263916,64
46.35391354560852,128
46.3650221824646,0
46.37619662284851,0
46.387420415878296,0
46.398695945739746,0
46.409953355789185,0
46.421204566955566,128
46.43244743347168,64
46.443689584732056,0
46.454930543899536,0
46.46617078781128,0
46.4774386882782,128
46.48893451690674,0
46.50008583068848,0
46.51120638847351,128
46.522318601608276,192
46.53342795372009,0
46.544533252716064,0
46.55563759803772,64
46.56674861907959,0
46.57785367965698,64
46.58907151222229,64
46.60033702850342,64
46.61158537864685,0
46.6228244304657,0
46.634058475494385,0
46.64530968666077,0
46.65654897689819,0
46.66782855987549,0
46.6790885925293,64
46.69046187400818,64
46.701592683792114,0
46.71270990371704,128
46.723819971084595,0
46.7349317073822,0
46.74603533744812,192
46.75714087486267,128
46.768253803253174,0
46.77940917015076,64
46.79052519798279,0
46.80164909362793,128
46.8127555847168,0
46.82386755943298,64
46.83497452735901,192
46.846081495285034,0
46.85718536376953,0
46.868284463882446,0
46.87942600250244,0
46.890562534332275,64
46.90186285972595,64
46.91312575340271,64
46.924371004104614,64
46.935619831085205,128
46.94686198234558,0
46.958101987838745,64
46.96934461593628,64
46.980587005615234,0
46.99189591407776,64
47.003145694732666,0
47.0143883228302,0
47.02562594413757,64
47.03686451911926,0
47.04810357093811,0
47.05934500694275,0
47.07060122489929,0
47.08183765411377,0
47.093207359313965,0
47.1043438911438,0
47.1154625415802,64
47.12656855583191,0
47.137670278549194,64
47.14878582954407,0
47.1599440574646,128
47.171074867248535,0
47.182188749313354,128
47.193405866622925,0
47.20467233657837,64
47.21592593193054,0
47.22716951370239,0
47.23843693733215,128
47.249730348587036,0
47.26097583770752,64
47.272216796875,0
47.283459424972534,64
47.294821977615356,0
47.305959939956665,192
47.31707167625427,128
47.32817602157593,0
47.339309215545654,64
47.350421667099,64
47.36161541938782,0
47.372742652893066,0
47.38385844230652,128
47.39504408836365,0
47.40616774559021,64
47.41730618476868,0
47.42842674255371,0
47.43957710266113,0
47.45068955421448,0
47.46179938316345,0
47.47290635108948,64
47.484007120132446,0
47.495317697525024,64
47.506598711013794,64
47.51784920692444,0
47.52909183502197,0
47.54033184051514,64
47.551573514938354,64
47.56281137466431,0
47.574047327041626,0
47.58529281616211,0
47.59665298461914,64
47.607778549194336,0
47.618982791900635,64
47.63011312484741,0
47.64122796058655,0
47.652339935302734,0
47.66344928741455,0
47.67455506324768,64
47.68567180633545,192
47.696890115737915,0
47.70820999145508,0
47.71951913833618,64
47.73076939582825,64
47.742016315460205,0
47.75326585769653,64
47.76451015472412,0
47.77574920654297,0
47.7869930267334,64
47.798359632492065,64
47.8095383644104,0
47.820658445358276,64
47.831764221191406,0
47.84286904335022,128
47.853973627090454,64
47.86508750915527,64
47.87619090080261,0
47.887291431427,64
47.898518323898315,64
47.90983176231384,0
47.92108607292175,0
47.93232750892639,64
47.94357633590698,64
47.954813957214355,0
47.96605038642883,0
47.97729420661926,64
47.988537549972534,0
47.99993920326233,0
48.01108264923096,0
48.022202491760254,0
48.033310651779175,64
48.04441952705383,0
48.05552554130554,0
48.06663203239441,64
48.077735900878906,0
48.08889150619507,0
48.10014843940735,128
48.11142301559448,64
48.12267565727234,64
48.133917570114136,128
48.145169734954834,0
48.15641713142395,0
48.167654037475586,0
48.178932905197144,0
48.19021511077881,128
48.201589822769165,64
48.21272540092468,64
48.22384524345398,128
48.234955072402954,0
48.24606394767761,64
48.25717329978943,128
48.26829147338867,128
48.27944087982178,0
48.290558099746704,128
48.301778078079224,0
48.31304359436035,64
48.324291944503784,64
48.335529804229736,0
48.34677577018738,0
48.35801720619202,0
48.369258403778076,64
48.380486488342285,0
48.39173078536987,192
48.4030966758728,0
48.41423010826111,0
48.4253454208374,0
48.436453342437744,64
48.44756245613098,64
48.45866918563843,0
48.46988296508789,0
48.48099493980408,64
48.492104053497314,0
48.503321409225464,0
48.51458764076233,64
48.52584934234619,64
48.53709316253662,0
48.54833388328552,0
48.559632539749146,0
48.570879220962524,64
48.58212924003601,128
48.59337115287781,64
48.60473823547363,128
48.61587452888489,128
48.626991271972656,64
48.63809394836426,0
48.649216413497925,0
48.66033148765564,0
48.6714391708374,0
48.68254089355469,0
48.6936559677124,0
48.7049024105072,128
48.71616983413696,64
48.727421283721924,64
48.7386531829834,0
48.749971866607666,128
48.76122260093689,64
48.77246308326721,0
48.78371834754944,64
48.79496383666992,64
48.80636477470398,64
48.81750273704529,64
48.82862663269043,64
48.83977937698364,0
48.85089302062988,192
48.86200428009033,64
48.87311005592346,64
48.884217500686646,0
48.89533257484436,128
48.90655732154846,64
48.91782331466675,0
48.92907762527466,64
48.94032645225525,128
48.951565980911255,0
48.96281957626343,64
48.97406244277954,64
48.985310077667236,64
48.99655103683472,128
49.007915019989014,0
49.01904582977295,192
49.03016519546509,64
49.04128456115723,0
49.05239534378052,64
49.06350827217102,0
49.074615716934204,192
49.08572506904602,128
49.096832513809204,0
49.10805058479309,0
49.119322776794434,0
49.130568504333496,0
49.141839265823364,0
49.15309476852417,0