
Mon Nov 13 17:13:18 2023
Buffer length: 1000
Recording length: 1
100
#
131.29513216018677,64
131.30642986297607,0
131.3177306652069,64
131.32915830612183,128
131.3403377532959,0
131.351491689682,0
131.36263918876648,0
131.37378931045532,0
131.38494086265564,0
131.39609241485596,0
131.40723991394043,0
131.4183886051178,0
131.42959189414978,128
131.4407410621643,0
131.45189332962036,128
131.46304535865784,64
131.47419476509094,128
131.48541283607483,0
131.49657249450684,64
131.50772786140442,128
131.51887917518616,128
131.53014636039734,0
131.54146552085876,128
131.55277109146118,128
131.564062833786,0
131.57539820671082,192
131.58669662475586,0
131.597989320755,0
131.60928583145142,192
131.6205768585205,0
131.6319923400879,0
131.64316987991333,128
131.6543288230896,0
131.66554427146912,128
131.67669773101807,0
131.6878490447998,64
131.69899606704712,0
131.71014618873596,0
131.7213020324707,0
131.73250246047974,64
131.74365377426147,128
131.75480890274048,128
131.7659592628479,64
131.77711081504822,64
131.7882697582245,0
131.79942440986633,64
131.81062722206116,0
131.82179760932922,128
131.83306884765625,0
131.84438848495483,128
131.8557436466217,192
131.86703729629517,0
131.87833261489868,0
131.88962411880493,0
131.90092515945435,128
131.91222143173218,128
131.92351245880127,0
131.93493819236755,64
131.94611620903015,0
131.95727443695068,64
131.96842765808105,0
131.97957682609558,128
131.99072647094727,0
132.0018720626831,64
132.0131437778473,0
132.02431988716125,128
132.03559494018555,64
132.04675030708313,192
132.05790376663208,64
132.0690565109253,64
132.0802125930786,128
132.09136867523193,64
132.10251593589783,0
132.113667011261,0
132.12481832504272,128
132.13603711128235,64
132.14735627174377,0
132.15865397453308,128
132.16995406150818,64
132.18124532699585,0
132.1925368309021,64
132.2038290500641,128
132.2151231765747,128
132.22641277313232,64
132.2378282546997,192
132.24900841712952,0
132.26017713546753,0
132.271329164505,0
132.28248047828674,128
132.29362988471985,128
132.30477619171143,128
132.31593251228333,64
132.32708430290222,128
132.338294506073,0
132.349449634552,128
132.3606014251709,0
132.37175512313843,0
132.38290309906006,64
132.39405488967896,0
132.40532565116882,128
132.41648769378662,0
132.42763590812683,0
132.43883895874023,0
132.44999432563782,0
132.46114468574524,64
132.47229766845703,64
132.48344922065735,0
132.49463891983032,128
132.50580263137817,64
132.51696467399597,0
132.5281205177307,128
132.53938937187195,0
132.55070996284485,0
132.56200742721558,128
132.57330083847046,0
132.58465313911438,192
132.59596133232117,0
132.60725712776184,64
132.61854672431946,64
132.62983584403992,0
132.64125299453735,0
132.65243887901306,64
132.66359686851501,0
132.67474746704102,0
132.68589782714844,64
132.69705152511597,0
132.7082064151764,64
132.7193570137024,0
132.73050832748413,128
132.74171352386475,64
132.7528591156006,128
132.76401138305664,64
132.77522158622742,0
132.78638124465942,64
132.79753351211548,0
132.80868792533875,64
132.81983613967896,0
132.83098649978638,128
132.84225726127625,0
132.85358428955078,0
132.8648784160614,64
132.8761658668518,0
132.88746118545532,0
132.8987431526184,0
132.91002583503723,0
132.92131543159485,0
132.93260645866394,64
132.9440188407898,0
132.95525574684143,64
132.96642136573792,0
132.97757267951965,0
132.98872423171997,64
132.99987125396729,128
133.01108264923096,64
133.02224564552307,0
133.03339529037476,0
133.04463505744934,128
133.05580377578735,64
133.06695699691772,0
133.07810807228088,128
133.089262008667,0
133.10041737556458,64
133.11156916618347,0
133.12272453308105,128
133.13387870788574,0
133.14520621299744,0
133.15653538703918,128
133.1678376197815,128
133.17916011810303,64
133.1904616355896,64
133.20175337791443,0
133.21304035186768,0
133.22432923316956,64
133.23565340042114,0
133.2470784187317,128
133.2582585811615,128
133.2694149017334,64
133.28057217597961,64
133.2917287349701,0
133.30287861824036,128
133.31402802467346,0
133.3252329826355,64
133.33638978004456,0
133.34759640693665,128
133.35875368118286,0
133.36990666389465,0
133.38105654716492,0
133.39220428466797,192
133.40335154533386,128
133.41453528404236,128
133.42568969726562,0
133.43683767318726,64
133.44809818267822,0
133.45949530601501,64
133.47079873085022,192
133.482093334198,192
133.4933841228485,128
133.50475811958313,192
133.51607871055603,64
133.52738642692566,64
133.53870582580566,128
133.55014967918396,0
133.56133890151978,0
133.57249522209167,0
133.5836524963379,0
133.59480667114258,64
133.60600519180298,64
133.61718130111694,0
133.62834858894348,0
133.6394989490509,0
133.65070629119873,0
133.6618628501892,128
133.6730136871338,128
133.68416905403137,0
133.6953957080841,128
133.70655703544617,64
133.71770858764648,0
133.72885918617249,0
133.74001002311707,128
133.75129342079163,128
133.76260423660278,0
133.77389574050903,64
133.78523802757263,192
133.79655575752258,128
133.80785655975342,0
133.81914710998535,192
133.83044147491455,0
133.8417353630066,0
133.85316371917725,64
133.86434602737427,0
133.87557125091553,0
133.8867268562317,128
133.89788269996643,64
133.90903878211975,128
133.92019176483154,0
133.93134093284607,0
133.94248723983765,64
133.95369458198547,0
133.9648494720459,128
133.97601509094238,128
133.98717141151428,0
133.99832439422607,64
134.00947499275208,0
134.02062344551086,0
134.0317666530609,64
134.04291486740112,0
134.05418610572815,0
134.0655598640442,128
134.0768632888794,64
134.08816003799438,64
134.09945631027222,64
134.11074423789978,128
134.12203431129456,0
134.13333916664124,0
134.14467120170593,64
134.15609741210938,64
134.1672818660736,64
134.17843961715698,0
134.18959069252014,64
134.20073652267456,64
134.21193671226501,0
134.2231366634369,64
134.23429989814758,128
134.24551248550415,0
134.25672125816345,64
134.2678747177124,0
134.27902722358704,0
134.29018020629883,0
134.30133819580078,64
134.31249260902405,64
134.32364797592163,128
134.3348000049591,128
134.3459484577179,128
134.35721731185913,64
134.3685281276703,0
134.37984156608582,0
134.39113807678223,128
134.4024374485016,64
134.41373467445374,64
134.42502617835999,0
134.43632054328918,192
134.44761610031128,128
134.4590358734131,0
134.47021293640137,0
134.48136711120605,64
134.49251747131348,128
134.50366592407227,0
134.51481890678406,64
134.52597308158875,0
134.537122964859,64
134.54827237129211,64
134.55947852134705,0
134.57063007354736,64
134.58178782463074,64
134.5929343700409,0
134.60408210754395,64
134.61529183387756,0
134.6264488697052,128
134.63760590553284,64
134.64875602722168,192
134.6600203514099,128
134.67134284973145,64
134.68263721466064,0
134.693927526474,128
134.70526552200317,0
134.71656203269958,128
134.72785115242004,0
134.74117588996887,0
134.75314617156982,0
134.7650170326233,192
134.7766077518463,128
134.78829956054688,0
134.7999529838562,64
134.81187343597412,128
134.82320261001587,0
134.83436465263367,192
134.84562730789185,128
134.85675477981567,0
134.8678104877472,0
134.87884640693665,128
134.8898606300354,0
134.9008755683899,64
134.91188740730286,64
134.92289853096008,128
134.93390035629272,64
134.94490456581116,64
134.95590901374817,0
134.96701884269714,64
134.9782795906067,0
134.98952889442444,0
135.00077986717224,0
135.01202392578125,64
135.02327013015747,0
135.0345664024353,0
135.04582691192627,64
135.05706429481506,128
135.06843996047974,0
135.07959485054016,0
135.09071850776672,0
135.10182785987854,0
135.11294078826904,64
135.1240530014038,0
135.13526439666748,0
135.146399974823,64
135.1575243473053,0
135.1687457561493,0
135.18000864982605,0
135.19125866889954,0
135.20250344276428,0
135.21374487876892,0
135.2249870300293,0
135.23622870445251,0
135.24746251106262,0
135.25874161720276,128
135.27012085914612,128
135.28126311302185,0
135.2923800945282,0
135.30349111557007,0
135.3146402835846,64
135.32581567764282,128
135.33693265914917,128
135.34804439544678,64
135.35915756225586,128
135.37037920951843,192
135.38164472579956,0
135.39289355278015,0
135.40415596961975,0
135.4154829978943,128
135.42673897743225,0
135.43798685073853,0
135.44923067092896,0
135.46046924591064,0
135.47183799743652,0
135.48297667503357,0
135.4940950870514,192
135.50524592399597,64
135.51636171340942,0
135.52746891975403,64
135.5385777950287,0
135.5496883392334,128
135.56079244613647,128
135.57201600074768,0
135.58328866958618,0
135.59458446502686,0
135.60583758354187,0
135.6170825958252,0
135.62833189964294,64
135.63957476615906,0
135.65081930160522,64
135.66207146644592,0
135.67344117164612,128
135.68462204933167,64
135.69574809074402,0
135.70685482025146,0
135.7179651260376,0
135.72907280921936,0
135.74018096923828,0
135.75129103660583,0
135.76240301132202,64
135.77362060546875,0
135.78488755226135,0
135.79614210128784,0
135.80738067626953,128
135.81863164901733,0
135.82988214492798,64
135.84113025665283,0
135.85237216949463,0
135.86361503601074,64
135.87498140335083,0
135.88612008094788,0
135.89723777770996,0
135.90834593772888,0
135.91946840286255,64
135.9305808544159,64
135.94168996810913,0
135.95279169082642,0
135.9639024734497,0
135.97517204284668,0
135.98644375801086,0
135.99769616127014,64
136.00899600982666,0
136.0202488899231,0
136.03149247169495,0
136.04274106025696,64
136.05397772789001,0
136.06529068946838,0
136.07667779922485,64
136.08781623840332,128
136.0989396572113,0
136.11005449295044,0
136.12116646766663,128
136.13227248191833,0
136.14337801933289,0
136.15448665618896,128
136.16571760177612,0
136.1769483089447,64
136.18821549415588,0
136.19946837425232,192
136.21071362495422,128
136.22195434570312,0
136.23319506645203,64
136.24443411827087,0
136.25567531585693,0
136.266916513443,0
136.2782862186432,128
136.28941535949707,64
136.3005769252777,64
136.31169772148132,0
136.3228211402893,128
136.3339319229126,128
136.34504556655884,128
136.3561670780182,192
136.36727333068848,0
136.37843418121338,64
136.3895537853241,128
136.40066981315613,64
136.41177988052368,64
136.42288851737976,0
136.4340078830719,64
136.44515895843506,128
136.45626854896545,128
136.46737837791443,0
136.47860312461853,0
136.48986887931824,0
136.501122713089,64
136.51236724853516,0
136.5237100124359,0
136.53498649597168,0
136.54625344276428,64
136.5575098991394,128
136.56876516342163,64
136.5801420211792,128
136.5912811756134,128
136.6024043560028,0
136.61354732513428,64
136.6246736049652,0
136.6357889175415,192
136.6468963623047,0
136.6580045223236,0
136.66910982131958,0
136.68034410476685,0
136.69163370132446,64
136.70289206504822,0
136.71413898468018,0
136.72543954849243,192
136.73668432235718,64
136.74792551994324,64
136.75917601585388,64
136.77041959762573,0
136.78178596496582,64
136.7929286956787,128
136.80404591560364,64
136.8152039051056,0
136.8263223171234,0
136.83744096755981,64
136.84854865074158,64
136.85965633392334,0
136.870774269104,0
136.8819990158081,128
136.89326214790344,0
136.9045650959015,192
136.91582107543945,0
136.9270691871643,64
136.9383099079132,0
136.94956183433533,64
136.9608075618744,64
136.97205185890198,64
136.98341393470764,0
136.9945890903473,0
137.00571393966675,192
137.01683115959167,64
137.02794075012207,128
137.03905272483826,0
137.0501618385315,0
137.0612597465515,0
137.0723729133606,128
137.08359789848328,64
137.09487104415894,64
137.10611820220947,0
137.11736869812012,0
137.1286199092865,0
137.1398594379425,0
137.15110278129578,0
137.16234731674194,128
137.17359018325806,64
137.1849570274353,64
137.1961154937744,64
137.2072365283966,64
137.21840357780457,64
137.2295277118683,64
137.24064087867737,128
137.25175213813782,0
137.26285910606384,0
137.27396607398987,0
137.2853045463562,128
137.2965817451477,0
137.30782675743103,0
137.31908130645752,128
137.33032274246216,0
137.34159302711487,128
137.35284543037415,0
137.36409258842468,0
137.37538957595825,0
137.38743352890015,0
137.39866971969604,0
137.40981149673462,128
137.42093086242676,0
137.43207097053528,64
137.44319033622742,0
137.45430612564087,64
137.46546387672424,128
137.47657585144043,128
137.48773956298828,128
137.49885630607605,64
137.5099630355835,0
137.52107334136963,0
137.53218126296997,128
137.5432891845703,0
137.55439853668213,0
137.56555342674255,0
137.57666778564453,0
137.58788514137268,0
137.5991566181183,128
137.61040616035461,0
137.6216480731964,0
137.63289737701416,128
137.64414501190186,128
137.6554310321808,64
137.66668128967285,0
137.6779260635376,0
137.68928575515747,64
137.70042610168457,192
137.71154308319092,128
137.7226574420929,128
137.73376631736755,64
137.74487495422363,128
137.7559835910797,128
137.76709055900574,128
137.77819538116455,0
137.78940773010254,0
137.80068516731262,0
137.81194972991943,0
137.8231999874115,0
137.83444571495056,0
137.84569215774536,0
137.85693502426147,128
137.86817598342896,0
137.87941789627075,0
137.8907868862152,64
137.90192222595215,64
137.91303896903992,0
137.9241485595703,0
137.93530297279358,0
137.94641256332397,64
137.9575231075287,64
137.96863174438477,64
137.97973370552063,0
137.99094486236572,0
138.0022144317627,0
138.01345872879028,64
138.02470707893372,0
138.03594374656677,0
138.04727029800415,128
138.058518409729,192
138.0697672367096,0
138.0810146331787,128
138.0923810005188,0
138.1035180091858,0
138.11467504501343,128
138.1257984638214,128
138.13692259788513,64
138.1480417251587,0
138.1591579914093,128
138.1702687740326,128
138.18137454986572,0
138.19258832931519,0
138.20385336875916,0
138.21511101722717,0
138.22636461257935,0
138.23760795593262,0
138.24884819984436,0
138.2600929737091,192
138.27133440971375,0
138.2825789451599,0
138.2939374446869,0
138.30510640144348,64
138.31624054908752,128
138.3273503780365,128
138.33845400810242,0
138.34956336021423,0
138.36067485809326,64
138.37178349494934,128
138.38292598724365,128
138.39415526390076,64
138.4054868221283,0
138.41676497459412,0
138.4280183315277,0
138.43926620483398,0
138.45050859451294,0
138.461758852005,0
138.47300481796265,64
138.48425555229187,0
138.4956657886505,0
138.50680446624756,128
138.51792097091675,0
138.52902913093567,128
138.54014205932617,64
138.55125284194946,0
138.5623652935028,64
138.573477268219,0
138.584627866745,0
138.59586024284363,128
138.60712265968323,0
138.6183683872223,64
138.6296148300171,0
138.64086437225342,128
138.65210962295532,128
138.66335821151733,0
138.67464232444763,0
138.68589997291565,0
138.69726586341858,0
138.70839929580688,0
138.7195188999176,128
138.73063039779663,64
138.74174213409424,64
138.75285077095032,0
138.76396417617798,64
138.77511024475098,0
138.78622174263,64
138.79745626449585,0
138.808735370636,64
138.81998658180237,64
138.83123326301575,0
138.84248161315918,192
138.8537266254425,64
138.8649673461914,64
138.87620854377747,0
138.88744640350342,0
138.8988106250763,64
138.90995407104492,128
138.92107820510864,0
138.93218421936035,128
138.94329500198364,0
138.95440316200256,0
138.96551489830017,0
138.97662544250488,64
138.9877347946167,0
138.99895644187927,128
139.01022243499756,0
139.0214946269989,0
139.03274536132812,0
139.04399347305298,0
139.05529141426086,0
139.0665476322174,128
139.0778181552887,0
139.08907437324524,128
139.1004502773285,128
139.11159253120422,0
139.12271451950073,64
139.13382196426392,0
139.14493107795715,0
139.1560435295105,64
139.167151927948,128
139.17826390266418,64
139.1893765926361,0
139.20059967041016,128
139.2118682861328,0
139.22311639785767,0
139.2343726158142,64
139.24566745758057,64
139.25691604614258,0
139.2681646347046,128
139.2794165611267,192
139.29066061973572,64
139.30202674865723,0
139.31316423416138,0
139.32428574562073,0
139.33544182777405,0
139.3465588092804,64
139.35767221450806,128
139.3687825202942,64
139.3798897266388,0
139.39099979400635,128
139.40221619606018,0
139.41348361968994,0
139.42477560043335,128
139.43603467941284,64
139.44728183746338,0
139.45852708816528,64
139.46977472305298,64
139.48102283477783,64
139.49226832389832,64
139.50363063812256,128
139.5147683620453,0
139.5258936882019,64
139.53700256347656,64
139.54811143875122,0
139.55922389030457,64
139.57033276557922,0
139.58144092559814,0
139.59255146980286,64
139.60376977920532,64
139.61507081985474,64
139.62633609771729,0
139.63808846473694,0
139.64939403533936,64
139.66064596176147,64
139.6719000339508,0
139.68318367004395,64
139.69443821907043,0
139.70581936836243,0
139.71695733070374,64
139.72807145118713,64
139.73918628692627,128
139.75030207633972,128
139.76141905784607,0
139.77253007888794,0
139.78364253044128,128
139.79477071762085,128
139.8059995174408,128
139.81727027893066,64
139.8285219669342,0
139.839772939682,64
139.85101699829102,0
139.86226058006287,128
139.87350821495056,64
139.8847620487213,64
139.89600586891174,0
139.90736937522888,0
139.9185049533844,0
139.92962861061096,64
139.94074416160583,0
139.95185565948486,128
139.96297240257263,0
139.9740822315216,128
139.98524522781372,128
139.99636435508728,64
140.0075888633728,128
140.01890015602112,128
140.0301592350006,0
140.04140973091125,0
140.05265283584595,0
140.06389451026917,0
140.0751929283142,0
140.08644223213196,128
140.09768772125244,64
140.1090543270111,64
140.12019062042236,0
140.13131380081177,192
140.14242243766785,128
140.15352845191956,0
140.16467547416687,128
140.1758008003235,0
140.18691277503967,0
140.19803261756897,0
140.20925903320312,64
140.22056770324707,128
140.2318353652954,64
140.24307823181152,0
140.254332780838,0
140.26561903953552,64
140.2768678665161,64
140.2881212234497,0
140.29936480522156,0
140.31073760986328,64
140.32188987731934,0
140.33300614356995,0
140.3441185951233,64
140.35527062416077,128
140.3663854598999,0
140.3774926662445,0
140.38859963417053,0
140.3997097015381,0
140.41092896461487,0
140.4221909046173,64
140.433443069458,128
140.44469237327576,0
140.45599007606506,64
140.46724700927734,64
140.47849869728088,64
140.48974466323853,0
140.5009970664978,0
140.51236701011658,64
140.52350616455078,64
140.53467226028442,0
140.54578924179077,64
140.55690145492554,64
140.5680124759674,0
140.5791187286377,0
140.59022784233093,128
140.60134053230286,64
140.61256575584412,0
140.62387704849243,64
140.6351797580719,0
140.64643692970276,64
140.6576852798462,192
140.66892838478088,0
140.6801724433899,64
140.69142127037048,64
140.7026653289795,0
140.71403217315674,0
140.72521209716797,0
140.7363305091858,128
140.74743604660034,128
140.75855493545532,0
140.76966953277588,0
140.78077697753906,0
140.7918848991394,0
140.80300879478455,0
140.81424808502197,128
140.825585603714,0
140.83684611320496,0
140.84809708595276,64
140.8593406677246,64
140.87058877944946,0
140.8818347454071,0
140.89308547973633,0
140.9043266773224,0
140.91582465171814,64
140.926992893219,0
140.93813252449036,0
140.9492642879486,0
140.96040201187134,0
140.9715394973755,0
140.98266863822937,0
140.99380087852478,0
141.0049364566803,128
141.0161898136139,0
141.02748680114746,128
141.0387668609619,0
141.05003905296326,0
141.0613136291504,128
141.07258868217468,0
141.08386158943176,64
141.095228433609,0
141.10652494430542,128
141.11795210838318,64
141.12913417816162,64
141.14029121398926,128
141.15144515037537,0
141.16259908676147,64
141.17374777793884,0
141.18490076065063,0
141.19605207443237,64
141.20720267295837,128
141.21841669082642,64
141.22956895828247,128
141.2407145500183,0
141.25186276435852,128
141.26301097869873,0
141.2741572856903,0
141.28536462783813,0
141.29652380943298,64
141.3076786994934,0
141.318945646286,0
141.33025932312012,0
141.341561794281,128
141.35285091400146,64
141.36414313316345,64
141.37547969818115,0
141.38677215576172,0
141.39805960655212,0
141.4093451499939,0
141.420832157135,0
141.43202686309814,128
141.44319319725037,128
141.4543421268463,64
141.46555185317993,128
141.476708650589,128
141.48785400390625,0
141.4990210533142,0
141.51018047332764,64
141.52138447761536,0
141.5325367450714,128
141.543687582016,128
141.55484175682068,0
141.5659966468811,64
141.57714748382568,0
141.58830285072327,128
141.59945392608643,64
141.61060285568237,128
141.62186884880066,0
141.63319039344788,0
141.64448714256287,0
141.65584683418274,0
141.6671416759491,64
141.67843890190125,0
141.6897280216217,0
141.7010154724121,0
141.7123031616211,0
141.72372555732727,0
141.73490691184998,128
141.74606084823608,0
141.75721669197083,128
141.76835870742798,0
141.7795102596283,0
141.79066276550293,64
141.80182123184204,0
141.81297636032104,64
141.82417798042297,0
141.83539080619812,0
141.84654760360718,0
141.85769605636597,0
141.86883926391602,64
141.8799867630005,192
141.89114046096802,0
141.9022879600525,0
141.91344094276428,192
141.92470979690552,0
141.93602657318115,0
141.947331905365,0
141.95862865447998,0
141.96991848945618,64
141.9812138080597,0
141.99251079559326,0
142.00379753112793,0
142.01530766487122,128
142.02677726745605,0
142.0379707813263,64
142.04913210868835,0
142.06028175354004,0
142.07142901420593,64
142.08257627487183,128
142.09372425079346,0
142.10486888885498,192
142.11601519584656,64
142.12722039222717,0
142.1383707523346,0
142.14951920509338,0
142.16066765785217,0
142.1718146800995,0
142.18296480178833,64
142.19410681724548,0
142.20532131195068,128
142.216472864151,0
142.22773241996765,128
142.2390456199646,128
142.2503433227539,0
142.2616331577301,128
142.27292394638062,64
142.28421139717102,64
142.29555010795593,64
142.30685305595398,192
142.31815004348755,0
142.32956790924072,0
142.340749502182,128
142.3519070148468,0
142.36305952072144,0
142.37421250343323,128
142.38542008399963,64
142.39657497406006,64
142.40771651268005,192
142.41887044906616,0
142.43006658554077,0
142.44121599197388,128
142.45236897468567,0
142.46351528167725,0
142.47469401359558,0
142.48584294319153,0
142.49700164794922,128
142.5085096359253,0