just a quick test without cat
Mon Nov 13 17:12:34 2023
Buffer length: 366
Recording length: 99
100
#
0.0016391277313232422,640
0.01260232925415039,64
0.023352622985839844,64
0.03404712677001953,0
0.04472637176513672,0
0.05543231964111328,128
0.06612205505371094,0
0.07680344581604004,64
0.08748722076416016,0
0.09816908836364746,0
0.10884881019592285,0
0.11952638626098633,0
0.1302046775817871,64
0.1408841609954834,0
0.15156197547912598,0
0.16223955154418945,0
0.17291808128356934,0
0.18363618850708008,0
0.1943216323852539,64
0.2050004005432129,64
0.21567773818969727,64
0.22640728950500488,64
0.2370913028717041,128
0.24777483940124512,0
0.2584564685821533,64
0.27008724212646484,0
0.2808825969696045,0
0.29157233238220215,0
0.30225300788879395,0
0.31293153762817383,64
0.3236074447631836,0
0.33428430557250977,128
0.344959020614624,0
0.3556370735168457,0
0.366412878036499,128
0.3771638870239258,0
0.3880581855773926,64
0.3990898132324219,0
0.4099857807159424,0
0.42086291313171387,64
0.43173670768737793,0
0.44260692596435547,0
0.4534783363342285,64
0.46435046195983887,64
0.4752199649810791,0
0.4861948490142822,64
0.4975428581237793,0
0.508836030960083,128
0.5201139450073242,0
0.5314080715179443,0
0.5426895618438721,64
0.5539636611938477,0
0.5652415752410889,64
0.5765645503997803,0
0.5879800319671631,64
0.5991532802581787,64
0.6102988719940186,0
0.6214425563812256,0
0.6325836181640625,0
0.6437294483184814,64
0.65486741065979,64
0.6660041809082031,0
0.6771442890167236,64
0.6884236335754395,0
0.699737548828125,0
0.7110276222229004,0
0.7223067283630371,0
0.7335853576660156,128
0.7448685169219971,0
0.7561681270599365,128
0.7674839496612549,0
0.7788059711456299,256
0.7902307510375977,64
0.8014042377471924,128
0.8125512599945068,0
0.8236908912658691,0
0.8348331451416016,0
0.8460302352905273,0
0.8571865558624268,128
0.8683326244354248,64
0.8794722557067871,0
0.8907222747802734,0
0.9020261764526367,0
0.9133110046386719,0
0.924584150314331,128
0.9359273910522461,0
0.9472243785858154,64
0.9585013389587402,0
0.9697787761688232,0
0.9810512065887451,0
0.9924578666687012,64
1.0036416053771973,128
1.014796495437622,128
1.0259730815887451,64
1.037142276763916,64
1.0482900142669678,64
1.0594310760498047,0
1.07057523727417,0
1.0817105770111084,64
1.092904806137085,0
1.1040499210357666,128
1.1152009963989258,128
1.1263444423675537,0
1.137483835220337,128
1.1486234664916992,128
1.1597614288330078,128
1.1708950996398926,64
1.1820342540740967,0
1.1932957172393799,64
1.204606056213379,0
1.2159554958343506,0
1.227245807647705,0
1.2385265827178955,64
1.2498080730438232,128
1.261091947555542,192
1.2723760604858398,128
1.283653974533081,0
1.2950687408447266,0
1.306246042251587,128
1.317394733428955,128
1.328547477722168,64
1.3396880626678467,128
1.3508307933807373,64
1.3619720935821533,0
1.373110294342041,0
1.3842740058898926,128
1.3955330848693848,64
1.4069123268127441,0
1.418201208114624,0
1.4294886589050293,64
1.4407727718353271,128
1.4520480632781982,128
1.4633257389068604,128
1.474609375,0
1.4859380722045898,0
1.4972565174102783,0
1.5084176063537598,0
1.519563913345337,64
1.5307042598724365,0
1.5418410301208496,0
1.553095817565918,0
1.564246654510498,64
1.5754144191741943,0
1.5870893001556396,128
1.5986576080322266,128
1.6099014282226562,0
1.621077299118042,0
1.6322309970855713,0
1.6434612274169922,0
1.6546335220336914,0
1.6657884120941162,128
1.677001714706421,64
1.68815016746521,0
1.6993505954742432,64
1.7105016708374023,0
1.7216384410858154,128
1.732773780822754,0
1.7439064979553223,64
1.755054235458374,128
1.7661972045898438,0
1.7773394584655762,0
1.7885172367095947,0
1.799802303314209,128
1.8111515045166016,0
1.8224539756774902,64
1.8337397575378418,0
1.845022439956665,64
1.8563001155853271,0
1.8675811290740967,0
1.8788676261901855,0
1.8902385234832764,128
1.901686668395996,64
1.9128661155700684,128
1.9240131378173828,64
1.935154914855957,64
1.946298360824585,128
1.957437515258789,0
1.9685719013214111,64
1.979750394821167,128
1.9908943176269531,0
2.0021636486053467,0
2.0134730339050293,0
2.0247669219970703,64
2.0360586643218994,128
2.0473344326019287,0
2.058655023574829,64
2.069944143295288,64
2.0812320709228516,64
2.0925099849700928,0
2.1039233207702637,0
2.1150951385498047,0
2.1262407302856445,0
2.1373891830444336,128
2.148528575897217,0
2.1596696376800537,128
2.1708126068115234,0
2.181955337524414,64
2.193093776702881,128
2.2043421268463135,0
2.2156453132629395,0
2.227001428604126,64
2.2382760047912598,0
2.249559164047241,0
2.2608351707458496,64
2.2721147537231445,0
2.2834038734436035,64
2.2946839332580566,0
2.3060991764068604,128
2.31728196144104,64
2.3284285068511963,128
2.3395700454711914,64
2.350708246231079,0
2.3618459701538086,0
2.37298583984375,0
2.384120225906372,0
2.3952627182006836,0
2.4065847396850586,128
2.417889356613159,128
2.429173469543457,0
2.4404520988464355,0
2.451737880706787,64
2.463015556335449,0
2.474292755126953,0
2.4855690002441406,0
2.496899366378784,0
2.5083112716674805,128
2.5194814205169678,0
2.530628204345703,128
2.5417654514312744,128
2.55290150642395,0
2.5640358924865723,0
2.575197219848633,128
2.586367607116699,0
2.597515821456909,128
2.6087019443511963,0
2.619845390319824,192
2.6309866905212402,128
2.6421303749084473,128
2.6532719135284424,64
2.664409637451172,0
2.6755831241607666,0
2.686795473098755,0
2.697936773300171,128
2.709191083908081,0
2.7204971313476562,64
2.7317826747894287,0
2.7430622577667236,64
2.7543606758117676,64
2.765644073486328,128
2.776963233947754,64
2.7882442474365234,0
2.7995262145996094,0
2.8109307289123535,0
2.8221046924591064,64
2.8332557678222656,0
2.844398021697998,64
2.8555612564086914,0
2.8667678833007812,0
2.877912998199463,0
2.8890533447265625,0
2.900192975997925,128
2.911450147628784,0
2.9227631092071533,0
2.934047222137451,0
2.945326566696167,128
2.9566543102264404,128
2.9679388999938965,192
2.9792163372039795,0
2.9904961585998535,0
3.0017826557159424,192
3.013190746307373,64
3.0243587493896484,0
3.0355031490325928,128
3.0467028617858887,0
3.057849645614624,128
3.068986654281616,128
3.0801405906677246,0
3.091280698776245,64
3.1024210453033447,0
3.11367130279541,128
3.1249704360961914,0
3.1362600326538086,64
3.1475412845611572,64
3.158820152282715,0
3.1701042652130127,64
3.181410312652588,0
3.1926987171173096,64
3.203977584838867,0
3.2153937816619873,128
3.226627826690674,192
3.237771987915039,0
3.248913049697876,64
3.260054349899292,0
3.2711899280548096,128
3.2823269367218018,0
3.293470621109009,0
3.3046092987060547,0
3.3158998489379883,0
3.3272130489349365,0
3.3385066986083984,0
3.3497836589813232,0
3.3610641956329346,64
3.372346878051758,64
3.3836312294006348,128
3.394909143447876,0
3.40619158744812,0
3.417607307434082,64
3.428865909576416,64
3.4400339126586914,64
3.451186180114746,128
3.4623420238494873,128
3.473494291305542,64
3.4846384525299072,128
3.495774030685425,128
3.5069351196289062,64
3.5181355476379395,64
3.529278039932251,0
3.5404176712036133,0
3.5515546798706055,128
3.5626919269561768,64
3.57383131980896,64
3.58496356010437,0
3.5961241722106934,0
3.6072659492492676,0
3.61853289604187,128
3.6298274993896484,0
3.641113758087158,128
3.6524112224578857,64
3.663694143295288,0
3.6749789714813232,64
3.6862614154815674,64
3.6975419521331787,64
3.7088217735290527,0
3.720231294631958,64
3.731398820877075,128
3.7425432205200195,192
3.75368332862854,128
3.7648215293884277,0
3.7759668827056885,0
3.787134885787964,64
3.7982776165008545,128
3.809424638748169,0
3.820725917816162,0
3.832031011581421,0
3.843317985534668,0
3.854607105255127,64
3.865959882736206,128
3.877253532409668,128
3.888584613800049,0
3.8998866081237793,64
3.911167621612549,64
3.922593355178833,64
3.9337637424468994,64
3.944918394088745,64
3.9560606479644775,0
3.9671993255615234,0
3.978342056274414,64
3.9894776344299316,0
4.000629663467407,64
4.0117738246917725,0
4.023029565811157,192
4.034338474273682,0
4.04563045501709,0
4.056986331939697,0
4.068270206451416,128
4.0795464515686035,128
4.091176271438599,64
4.102556943893433,192
4.113864421844482,0
4.125299453735352,64
4.13652777671814,64
4.14768648147583,0
4.158830642700195,0
4.16997504234314,64
4.181122303009033,128
4.192271709442139,64
4.203412771224976,0
4.214550495147705,64
4.225865602493286,0
4.237184762954712,0
4.248473644256592,0
4.259758949279785,0
4.271041393280029,0
4.2823193073272705,0
4.2935967445373535,0
4.304876089096069,0
4.316161155700684,64
4.327575922012329,128
4.338752031326294,64
4.349901437759399,128
4.361043930053711,0
4.372179985046387,0
4.3833537101745605,128
4.394499778747559,0
4.405672073364258,64
4.416886806488037,0
4.42809796333313,128
4.4392571449279785,128
4.450404644012451,128
4.461550712585449,64
4.472694635391235,64
4.483834743499756,64
4.494976997375488,0
4.506131649017334,128
4.5172812938690186,0
4.528546571731567,64
4.539854288101196,64
4.551149129867554,0
4.562435150146484,0
4.573716640472412,0
4.584995746612549,0
4.596279621124268,0
4.607580661773682,0
4.61887788772583,128
4.6302971839904785,0
4.6414666175842285,64
4.65261697769165,64
4.66375470161438,0
4.674895763397217,0
4.68603515625,64
4.697180986404419,64
4.708324193954468,0
4.7194671630859375,128
4.730716943740845,0
4.742023944854736,64
4.7533278465271,0
4.76461386680603,64
4.775967359542847,0
4.7872655391693115,64
4.798547983169556,0
4.809828042984009,0
4.821100950241089,0
4.832521200180054,128
4.843691349029541,0
4.854857921600342,64
4.866003751754761,0
4.877151012420654,64
4.888293981552124,0
4.899431943893433,128
4.91057276725769,0
4.921711444854736,0
4.932994842529297,64
4.944311141967773,192
4.955615997314453,64
4.966976881027222,64
4.978259801864624,0
4.989577531814575,0
5.000868558883667,64
5.012161731719971,128
5.02344274520874,128
5.034867525100708,0
5.0460450649261475,64
5.0571959018707275,64
5.0683348178863525,0
5.079480886459351,128
5.090618848800659,0
5.10175347328186,0
5.112897157669067,64
5.1240503787994385,128
5.1353232860565186,0
5.146680116653442,0
5.157972812652588,128
5.169259309768677,0
5.18054461479187,128
5.19182825088501,64