
Mon Nov 13 17:39:24 2023
Buffer length: 1000
Recording length: 338
100
#
87.62207651138306,0
87.63321685791016,0
87.6444730758667,192
87.65577101707458,0
87.66705369949341,0
87.67833733558655,64
87.68961811065674,0
87.70089364051819,128
87.71217155456543,64
87.7234468460083,64
87.73472285270691,0
87.7461290359497,64
87.75729370117188,0
87.76843690872192,128
87.77957153320312,0
87.79076671600342,0
87.80191326141357,64
87.81310439109802,0
87.82426071166992,128
87.83540439605713,0
87.84659767150879,0
87.85773921012878,64
87.86888194084167,64
87.8800277709961,128
87.89117431640625,64
87.90232133865356,0
87.9134669303894,0
87.92460656166077,0
87.93574833869934,128
87.94701218605042,64
87.95831322669983,64
87.96959853172302,128
87.98087692260742,64
87.99215340614319,0
88.00342798233032,64
88.01470518112183,64
88.02598333358765,0
88.03726816177368,0
88.04867577552795,64
88.05983996391296,0
88.07098984718323,64
88.08212995529175,0
88.09327101707458,128
88.10441136360168,0
88.11555337905884,64
88.12669205665588,0
88.13782715797424,0
88.14907717704773,64
88.16038393974304,64
88.1717369556427,0
88.18301749229431,64
88.1942937374115,0
88.20557236671448,128
88.21684455871582,128
88.22812080383301,64
88.2393970489502,0
88.25084519386292,0
88.26202440261841,64
88.27317357063293,0
88.28431177139282,0
88.29545259475708,0
88.30658793449402,0
88.31772923469543,0
88.32886362075806,64
88.34000420570374,64
88.35131764411926,64
88.36262726783752,64
88.37391424179077,0
88.38518977165222,0
88.39648914337158,128
88.40782904624939,64
88.419118642807,0
88.4303925037384,0
88.441721200943,0
88.45313096046448,0
88.46429991722107,0
88.47544479370117,64
88.48658442497253,0
88.49772810935974,64
88.5088620185852,0
88.52000164985657,0
88.53113889694214,0
88.54227781295776,0
88.55352997779846,0
88.56483435630798,0
88.57612013816833,64
88.58739447593689,0
88.59867787361145,128
88.60995841026306,0
88.62123727798462,64
88.63259887695312,64
88.64389705657959,0
88.65532207489014,0
88.66650700569153,64
88.67765855789185,0
88.68879556655884,0
88.69993662834167,0
88.7110755443573,192
88.72221350669861,0
88.73335480690002,0
88.74449563026428,0
88.75574898719788,128
88.76705408096313,64
88.7783432006836,0
88.78961992263794,0
88.80092549324036,64
88.8122181892395,0
88.82348799705505,0
88.83476042747498,0
88.84604501724243,64
88.85745668411255,0
88.86861872673035,0
88.87976360321045,0
88.89090657234192,128
88.90204453468323,0
88.91318559646606,0
88.92432618141174,0
88.93546342849731,0
88.94659972190857,128
88.95784902572632,64
88.9691481590271,0
88.98043155670166,64
88.99178528785706,0
89.00306797027588,64
89.0143973827362,0
89.02568626403809,128
89.03696465492249,128
89.04823565483093,0
89.05964517593384,0
89.07081770896912,64
89.08196258544922,64
89.09310793876648,64
89.10424757003784,64
89.11538410186768,128
89.12652325630188,128
89.13766860961914,64
89.14880561828613,64
89.16006684303284,128
89.17143678665161,0
89.18280506134033,0
89.19409942626953,0
89.2053906917572,128
89.21667456626892,0
89.22794890403748,0
89.23922228813171,0
89.25049638748169,0
89.26196336746216,64
89.27311730384827,0
89.28425312042236,64
89.29537415504456,192
89.30667448043823,64
89.3178060054779,0
89.3289315700531,64
89.3400571346283,192
89.35118627548218,0
89.36244201660156,64
89.37373423576355,0
89.38500022888184,0
89.39625763893127,0
89.40751838684082,128
89.418776512146,64
89.43003749847412,0
89.44136619567871,0
89.4526355266571,0
89.46401906013489,0
89.47516989707947,0
89.48629927635193,64
89.49742341041565,64
89.5085461139679,0
89.51966595649719,64
89.53083419799805,0
89.54197144508362,64
89.55310034751892,0
89.56432914733887,0
89.57560586929321,0
89.58687233924866,0
89.59813451766968,64
89.60941910743713,0
89.62073493003845,0
89.63200616836548,64
89.64326691627502,128
89.65452408790588,64
89.66591191291809,0
89.67706561088562,128
89.68819189071655,0
89.69931435585022,0
89.71043968200684,128
89.7216169834137,64
89.73274064064026,0
89.74386501312256,0
89.75499486923218,64
89.76623129844666,0
89.77751660346985,64
89.78878664970398,64
89.80006146430969,0
89.81136536598206,64
89.82263088226318,64
89.83389520645142,0
89.84515595436096,64
89.85641288757324,64
89.86779546737671,64
89.87894988059998,0
89.89007925987244,64
89.90122079849243,128
89.91238498687744,64
89.9235167503357,0
89.93464756011963,64
89.94577932357788,64
89.95690989494324,64
89.96815299987793,64
89.9794373512268,64
89.99074220657349,64
90.00201296806335,64
90.01327466964722,0
90.02453660964966,64
90.03579711914062,64
90.04705047607422,64
90.05831122398376,128
90.06969285011292,0
90.0808424949646,0
90.09197187423706,128
90.1030912399292,0
90.11421322822571,0
90.12533283233643,0
90.13645577430725,0
90.14757871627808,64
90.15870213508606,64
90.16993379592896,0
90.181223154068,0
90.19249320030212,0
90.20374870300293,0
90.21502828598022,64
90.22628974914551,0
90.23755192756653,0
90.24880027770996,0
90.26006126403809,64
90.27149963378906,128
90.28265285491943,128
90.29378175735474,0
90.30490899085999,0
90.31603527069092,64
90.32715916633606,128
90.33828067779541,0
90.34942126274109,64
90.36055564880371,128
90.37180137634277,128
90.38308763504028,0
90.39435505867004,0
90.40562200546265,64
90.41688251495361,64
90.42814493179321,0
90.43940615653992,0
90.45071458816528,0
90.46197199821472,64
90.47338223457336,192
90.48458695411682,64
90.49572801589966,0
90.50685048103333,0
90.51797270774841,64
90.52910256385803,64
90.54022073745728,128
90.55138826370239,0
90.56252956390381,64
90.5737054347992,0
90.5848319530487,64
90.59595274925232,0
90.60707378387451,0
90.61819672584534,0
90.62931609153748,0
90.64043736457825,64
90.651611328125,64
90.66273856163025,64
90.67397284507751,0
90.68526124954224,64
90.6965262889862,0
90.70779991149902,64
90.71905851364136,0
90.73031830787659,0
90.74162197113037,128
90.7528829574585,0
90.76414394378662,128
90.77552628517151,64
90.78667616844177,0
90.79780554771423,0
90.80893754959106,0
90.82008743286133,64
90.83121824264526,64
90.84235215187073,0
90.85347652435303,128
90.86459445953369,64
90.87585043907166,128
90.88714218139648,64
90.89841198921204,0
90.90967631340027,64
90.92093992233276,64
90.93220257759094,0
90.94345498085022,0
90.95472002029419,64
90.96598219871521,0
90.9773600101471,0
90.9885106086731,192
90.99964237213135,0
91.010812997818,0
91.02194380760193,64
91.03306436538696,128
91.04418516159058,64
91.05531167984009,192
91.0664336681366,0
91.07767462730408,0
91.08896064758301,0
91.10022449493408,64
91.11153841018677,64
91.12280297279358,0
91.13406109809875,0
91.14531683921814,0
91.15657782554626,64
91.16784572601318,0
91.17923283576965,64
91.19038200378418,64
91.20156240463257,192
91.21269154548645,128
91.22381472587585,0
91.23493909835815,0
91.24606609344482,128
91.25718784332275,0
91.26830983161926,128
91.27954244613647,0
91.29083251953125,0
91.3020966053009,0
91.3133533000946,0
91.32460880279541,128
91.33587288856506,0
91.34713292121887,128
91.35839509963989,128
91.3696494102478,0
91.38104152679443,64
91.39219737052917,64
91.40333437919617,64
91.41448426246643,0
91.4256112575531,64
91.43673348426819,128
91.44785857200623,128
91.4589900970459,128
91.47012734413147,192
91.48141503334045,0
91.49269962310791,64
91.50396966934204,128
91.51524090766907,0
91.52649903297424,0
91.53776240348816,0
91.54902172088623,64
91.56028151512146,0
91.57158398628235,128
91.58298325538635,0
91.59413766860962,0
91.60526919364929,0
91.61639714241028,64
91.62752342224121,0
91.63864707946777,64
91.64977169036865,192
91.66090440750122,0
91.67203402519226,192
91.68326544761658,0
91.6945469379425,64
91.70582962036133,0
91.7170934677124,64
91.72834992408752,64
91.73960852622986,64
91.75087404251099,128
91.76213598251343,64
91.77339816093445,64
91.78478574752808,128
91.79601764678955,0
91.80716490745544,64
91.81830191612244,128
91.82944321632385,128
91.84057116508484,0
91.85169887542725,0
91.86282587051392,0
91.87394785881042,64
91.88519263267517,0
91.89647698402405,0
91.9077479839325,64
91.91900181770325,0
91.93026161193848,64
91.94157552719116,0
91.95284175872803,64
91.96409821510315,64
91.97535967826843,0
91.98674416542053,0
91.99789500236511,128
92.00902438163757,0
92.02016258239746,0
92.03133034706116,0
92.04246187210083,0
92.05358648300171,128
92.06470608711243,0
92.07583022117615,0
92.08707308769226,128
92.09835910797119,64
92.10962557792664,64
92.12089228630066,0
92.132159948349,0
92.14342188835144,64
92.15467524528503,64
92.16593933105469,0
92.17720222473145,0
92.18858647346497,64
92.1997401714325,64
92.21087670326233,64
92.22199869155884,0
92.23311758041382,0
92.2442421913147,64
92.25536394119263,64
92.26691007614136,0
92.27817010879517,128
92.28938508033752,64
92.30056428909302,0
92.31174278259277,0
92.32294201850891,0
92.33408665657043,0
92.3452718257904,64
92.35643076896667,64
92.36756706237793,128
92.37877488136292,0
92.39005208015442,0
92.40138840675354,0
92.41270804405212,0
92.42399525642395,0
92.43527007102966,0
92.4465389251709,0
92.45779991149902,0
92.46906518936157,0
92.48032927513123,128
92.4917995929718,64
92.50295877456665,0
92.51409125328064,0
92.52521228790283,64
92.53633642196655,192
92.54746770858765,0
92.55861020088196,128
92.56974411010742,128
92.58087134361267,0
92.59210658073425,0
92.60339450836182,0
92.61468386650085,64
92.62595462799072,64
92.63721370697021,0
92.64846920967102,0
92.65972900390625,0
92.67099070549011,0
92.68224120140076,0
92.69363403320312,0
92.70489311218262,192
92.71621751785278,64
92.7274432182312,0
92.73867011070251,192
92.749831199646,128
92.76097440719604,64
92.77212452888489,128
92.78325653076172,192
92.79443359375,64
92.80556344985962,0
92.81672596931458,0
92.82786226272583,0
92.83899116516113,64
92.85011649131775,128
92.86130142211914,0
92.8724455833435,64
92.88357090950012,64
92.89487099647522,0
92.90620923042297,0
92.91750907897949,0
92.92877793312073,0
92.94004082679749,0
92.95136022567749,0
92.96264624595642,0
92.97391200065613,64
92.98517107963562,64
92.99656224250793,0
93.00771975517273,192
93.0188581943512,0
93.02998781204224,0
93.04111194610596,64
93.05223369598389,192
93.06336522102356,64
93.07448673248291,64
93.08560824394226,128
93.0968427658081,64
93.10812187194824,0
93.11938548088074,0
93.13064575195312,64
93.14196276664734,0
93.15321683883667,0
93.16447710990906,0
93.17573165893555,0
93.18699169158936,64
93.1983733177185,0
93.20952153205872,0
93.22071099281311,0
93.23189449310303,128
93.24306178092957,0
93.25420689582825,0
93.26537680625916,128
93.2765142917633,0
93.28763937950134,64
93.29889249801636,192
93.31018114089966,0
93.32149887084961,64
93.3328058719635,0
93.34408330917358,0
93.35535216331482,64
93.36662030220032,0
93.3778805732727,0
93.38914084434509,64
93.40053176879883,64
93.41185998916626,0
93.42302441596985,128
93.43416428565979,128
93.44530415534973,64
93.45645141601562,128
93.46759796142578,0
93.4787335395813,0
93.4898738861084,128
93.50113773345947,0
93.5124523639679,128
93.52373480796814,0
93.53501629829407,0
93.54629230499268,0
93.55756855010986,0
93.56884384155273,0
93.58012533187866,64
93.59147477149963,0
93.60290241241455,0
93.61407828330994,64
93.6252281665802,0
93.6363742351532,128
93.6475191116333,0
93.65875029563904,128
93.66991591453552,128
93.68107080459595,0
93.69222664833069,0
93.70349049568176,0
93.71479988098145,0
93.72608494758606,0
93.73741054534912,64
93.74870085716248,0
93.7599823474884,128
93.77126407623291,0
93.78255462646484,0
93.79383254051208,128
93.80524682998657,64
93.81647086143494,0
93.82763481140137,0
93.83877348899841,64
93.84990882873535,128
93.86105108261108,0
93.87218999862671,0
93.88332605361938,0
93.89447379112244,64
93.90567255020142,128
93.91682171821594,0
93.92795872688293,64
93.9391028881073,128
93.95024394989014,0
93.96144890785217,0
93.97259783744812,0
93.98374104499817,0
93.994877576828,64
94.0061342716217,0
94.01745009422302,0
94.02873349189758,64
94.0400071144104,0
94.05138516426086,64
94.06268572807312,64
94.07396817207336,64
94.08525395393372,0
94.09653282165527,64
94.1079490184784,0
94.11911296844482,0
94.13025307655334,0
94.14145803451538,0
94.15260887145996,0
94.16374969482422,0
94.17488598823547,128
94.18602466583252,64
94.19715857505798,128
94.208416223526,0
94.21971917152405,0
94.23100161552429,64
94.24227666854858,0
94.2536129951477,64
94.26490473747253,0
94.27618551254272,64
94.28746891021729,128
94.29874849319458,0
94.31015658378601,64
94.32137823104858,0
94.33252263069153,0
94.34382700920105,0
94.35498523712158,64
94.36612176895142,0
94.37725782394409,128
94.38839054107666,0
94.39952683448792,64
94.41076064109802,192
94.42195510864258,0
94.43311071395874,0
94.4442491531372,0
94.45538878440857,64
94.46652746200562,0
94.47766494750977,0
94.48880314826965,128
94.49994492530823,192
94.51120734214783,0
94.52252459526062,0
94.53381061553955,64
94.5450918674469,64
94.55637240409851,128
94.56765341758728,64
94.57892966270447,0
94.59021067619324,0
94.60153841972351,0
94.61295461654663,0
94.62411952018738,0
94.63528180122375,0
94.64642596244812,0
94.65758037567139,64
94.66872477531433,64
94.67986035346985,0
94.69099569320679,0
94.70213770866394,64
94.71340203285217,64
94.72470474243164,0
94.73600101470947,0
94.74733543395996,0
94.75866413116455,0
94.76996493339539,0
94.78126859664917,0
94.79257297515869,128
94.80385732650757,0
94.81528234481812,64
94.8264491558075,128
94.8375973701477,0
94.84873676300049,64
94.85987615585327,64
94.87101626396179,0
94.88215041160583,0
94.89328980445862,0
94.90442633628845,128
94.91568803787231,0
94.92698860168457,0
94.93827557563782,64
94.94954824447632,0
94.96087884902954,0
94.972163438797,128
94.98344326019287,0
94.99472093582153,0
95.00599384307861,0
95.01746797561646,0
95.028653383255,64
95.03983807563782,128
95.05099201202393,128
95.06213188171387,64
95.07327318191528,128
95.08441138267517,128
95.09555101394653,0
95.10669612884521,128
95.11788511276245,0
95.1290328502655,128
95.14017343521118,64
95.15136766433716,0
95.16251564025879,0
95.173663854599,0
95.18479776382446,0
95.19593620300293,0
95.20706987380981,0
95.21833300590515,0
95.22963237762451,64
95.24091625213623,64
95.25220370292664,64
95.26348423957825,64
95.27481889724731,64
95.28611731529236,0
95.29739880561829,0
95.30868077278137,0
95.32010221481323,64
95.33132982254028,128
95.34248328208923,64
95.35362672805786,0
95.3647632598877,0
95.3759036064148,0
95.38704180717468,64
95.3981785774231,128
95.4093165397644,128
95.42057275772095,64
95.43187832832336,0
95.44315838813782,0
95.45443606376648,64
95.46570944786072,64
95.47698450088501,0
95.48825907707214,64
95.4995334148407,64
95.51086616516113,64
95.52228260040283,64
95.53345727920532,64
95.54461216926575,128
95.55575299263,128
95.56689071655273,64
95.57803201675415,64
95.58916807174683,0
95.60030269622803,128
95.61147832870483,0
95.62273955345154,64
95.63389921188354,0
95.64503741264343,0
95.65617418289185,0
95.66731476783752,64
95.67848467826843,64
95.68963313102722,64
95.70082187652588,128
95.71197867393494,128
95.72324204444885,0
95.73453950881958,0
95.74583077430725,128
95.75710678100586,64
95.76838374137878,64
95.77965807914734,64
95.79098701477051,0
95.80227589607239,0
95.81355786323547,64
95.82499384880066,0
95.83616638183594,128
95.84731912612915,0
95.85846042633057,64
95.86960291862488,128
95.8807966709137,0
95.89194798469543,0
95.90309262275696,64
95.91423344612122,64
95.9254822731018,64
95.93678617477417,0
95.94807505607605,0
95.95935416221619,0
95.97062635421753,64
95.98196005821228,0
95.9932370185852,0
96.00450992584229,0
96.01578831672668,64
96.02720475196838,128
96.03837418556213,0
96.0495216846466,192
96.06071877479553,64
96.07186770439148,64
96.08300280570984,0
96.09413385391235,128
96.10527157783508,64
96.11640572547913,128
96.12765645980835,128
96.13895916938782,64
96.15024638175964,0
96.16155815124512,0
96.1728367805481,0
96.18411469459534,0
96.19539093971252,128
96.20666861534119,64
96.21799945831299,0
96.22942614555359,128
96.24059653282166,128
96.25174379348755,128
96.26287865638733,64
96.27401757240295,128
96.28565311431885,0
96.2975287437439,64
96.30919599533081,64
96.3204653263092,0
96.33174705505371,64
96.35226058959961,64
96.36384558677673,0
96.37506222724915,192
96.38628244400024,0
96.39743232727051,128
96.40857672691345,0
96.41971588134766,64
96.43091177940369,64
96.44205093383789,0
96.4531934261322,0
96.46433997154236,64
96.47547197341919,0
96.48660516738892,0
96.49774312973022,64
96.50887846946716,64
96.52001237869263,64
96.53128695487976,64
96.54262018203735,0
96.55391669273376,64
96.56523394584656,0
96.57653784751892,0
96.58783721923828,0
96.59912729263306,0
96.61041784286499,0
96.62176084518433,0
96.63318920135498,64
96.64436507225037,64
96.65552568435669,64
96.66668725013733,64
96.67784404754639,0
96.68899464607239,128
96.7001564502716,128
96.7115261554718,192
96.72270727157593,64
96.73391628265381,64
96.74507665634155,192
96.75623226165771,0
96.76738452911377,0
96.77853775024414,0
96.78970098495483,128
96.80086302757263,0
96.81202054023743,128
96.82320666313171,64
96.83449459075928,0
96.84581303596497,128
96.8571093082428,0
96.86840534210205,64
96.8796980381012,0
96.89099860191345,0
96.90229535102844,0
96.91358971595764,0
96.92488408088684,0
96.93630456924438,0
96.94748187065125,0
96.95864653587341,0
96.96980381011963,0
96.98095965385437,128
96.99211359024048,192
97.00326371192932,0
97.01441621780396,64
97.02556800842285,192
97.0367820262909,64
97.04794549942017,128
97.0590991973877,128
97.07024765014648,64
97.08144497871399,128
97.09260439872742,0
97.10376000404358,192
97.11495304107666,0
97.12611985206604,0
97.13738822937012,0
97.14869332313538,0
97.15999174118042,128
97.17128729820251,64
97.18258833885193,64
97.19388675689697,64
97.20517492294312,0
97.21647572517395,64
97.2277672290802,0
97.23919010162354,0
97.25036811828613,0
97.26156115531921,0
97.27271723747253,0
97.28386735916138,0
97.29503035545349,128
97.30618643760681,0
97.31734204292297,64
97.32850384712219,64
97.3397068977356,128
97.35086727142334,192
97.36202001571655,0
97.37317252159119,64
97.38432097434998,64
97.39546966552734,64
97.40664982795715,192
97.41781497001648,64
97.42899441719055,0
97.44027805328369,0
97.45169687271118,64
97.46300435066223,0
97.47431302070618,0
97.4856128692627,64
97.49690437316895,0
97.50819683074951,0
97.51948857307434,64
97.53082847595215,64
97.54226160049438,0
97.55345129966736,0
97.56461524963379,64
97.57576441764832,0
97.58691883087158,192
97.59807419776917,0
97.60922837257385,192
97.62038064002991,64
97.6315712928772,0
97.64277768135071,0
97.65393567085266,0
97.6650927066803,64
97.67624306678772,0
97.68739914894104,192
97.69855046272278,0
97.7097008228302,192
97.7208604812622,64
97.73202872276306,0
97.74329972267151,0
97.75463581085205,0
97.76594257354736,0
97.77723598480225,64
97.7885308265686,0
97.79982447624207,64
97.81120896339417,64
97.82252311706543,0
97.83382081985474,64
97.8452730178833,0
97.8564600944519,192
97.86762523651123,0
97.87878060340881,128
97.88993215560913,64
97.90108704566956,0
97.91224837303162,0
97.92340087890625,0
97.93455576896667,128
97.94576263427734,64
97.9569182395935,128
97.96807026863098,64
97.97922134399414,0
97.99037551879883,0
98.00156927108765,64
98.01271939277649,0
98.02388644218445,0
98.03504061698914,192
98.04631447792053,64
98.05762982368469,64
98.06893801689148,64
98.08023166656494,0
98.09164094924927,64
98.10293889045715,64
98.11423110961914,0
98.12552237510681,0
98.1368145942688,0
98.14823460578918,64
98.15941214561462,64
98.17057228088379,0
98.18172454833984,64
98.19287657737732,128
98.204030752182,64
98.21518468856812,128
98.22633767127991,64
98.2374906539917,0
98.24869704246521,0
98.25985050201416,0
98.27100920677185,128
98.28216052055359,64
98.29331493377686,0
98.30446434020996,0
98.31561827659607,0
98.3267731666565,0
98.33792734146118,64
98.34922957420349,0
98.36054754257202,0
98.37188410758972,64
98.38318085670471,64
98.39446306228638,0
98.4057502746582,0
98.41704392433167,64
98.42833495140076,0
98.43962693214417,64
98.45105361938477,64
98.46223378181458,128
98.47339367866516,0
98.48454737663269,64
98.49570560455322,64
98.50685906410217,128
98.51801204681396,0
98.52916288375854,128
98.54031229019165,0
98.55161952972412,192
98.56278109550476,64
98.57393980026245,0
98.58509063720703,128
98.5962393283844,64
98.60740375518799,64
98.61856007575989,0
98.62973952293396,128
98.64089870452881,0
98.65206718444824,64
98.66323161125183,192
98.67438673973083,128
98.68554401397705,128
98.69669723510742,0
98.70784330368042,64
98.71899342536926,0
98.73014402389526,0
98.74133515357971,64
98.75262594223022,128
98.7639422416687,0
98.77524018287659,128
98.78652453422546,0
98.79784321784973,0
98.80914425849915,64
98.82043981552124,64
98.83177900314331,0
98.84307384490967,128
98.85501194000244,128
98.86635828018188,64
98.87757062911987,0
98.88873958587646,64
98.89989137649536,0
98.91106629371643,0
98.92222690582275,0
98.93338227272034,128
98.9445333480835,0
98.95574688911438,64
98.96690535545349,192
98.9780626296997,0
98.98921728134155,64
99.00037336349487,64
99.01158046722412,64
99.02273416519165,0
99.03388953208923,128
99.0450451374054,64
99.05632162094116,128
99.06763124465942,64
99.0789303779602,64
99.09022927284241,0
99.1015625,64
99.11286616325378,0
99.12416005134583,0
99.13544774055481,0
99.14673042297363,64
99.15816187858582,64
99.16934132575989,128
99.1805009841919,64
99.19173789024353,64
99.20291924476624,64
99.21408438682556,64
99.22527599334717,0
99.23643732070923,128
99.2475950717926,0
99.25880718231201,192
99.2699625492096,64
99.28112077713013,0
99.29227590560913,0
99.30342221260071,0
99.31459283828735,0
99.32575178146362,0
99.33690237998962,64
99.348060131073,192
99.35933899879456,0
99.37070941925049,0
99.38200879096985,64
99.3932888507843,64
99.40458631515503,0
99.41587328910828,0
99.42716383934021,0
99.43845081329346,0
99.44974136352539,64
99.46116852760315,0
99.47234225273132,128
99.48350358009338,0
99.49465990066528,64
99.5058081150055,0
99.51695704460144,0
99.52812170982361,128
99.53927206993103,192
99.55042433738708,0
99.56173491477966,0
99.57289338111877,0
99.58404850959778,64
99.5952262878418,128
99.60638356208801,0
99.61753678321838,64
99.62869787216187,0
99.63985538482666,128
99.65101051330566,128
99.66222190856934,0
99.67337584495544,0
99.68452954292297,64
99.69568085670471,0
99.70683240890503,0
99.71798419952393,0
99.72913599014282,128
99.74029517173767,192
99.75148034095764,0
99.7627546787262,64
99.77411556243896,0
99.78541922569275,0
99.79671239852905,0
99.80800151824951,0
99.8192925453186,64
99.83059287071228,0
99.84191584587097,0
99.85322523117065,64
99.86465644836426,0
99.87583351135254,64
99.88699221611023,128
99.89813947677612,0
99.90929245948792,128
99.92044568061829,64
99.9316394329071,64
99.94283056259155,0
99.95398283004761,0
99.96518206596375,64
99.97633504867554,0
99.98748850822449,0
99.99863624572754,0
100.00979137420654,0
100.02094435691833,64
100.03210425376892,64
100.04326033592224,64
100.05441451072693,128
100.06568026542664,0
100.07700324058533,64
100.08829998970032,64
100.09958982467651,64
100.11089301109314,0
100.12218070030212,0
100.13348150253296,0
100.14476823806763,0
100.15606355667114,128
100.16747903823853,0
100.17865061759949,0
100.18980646133423,0
100.20096135139465,128
100.21211290359497,192
100.22326683998108,0
100.2344183921814,64
100.24556684494019,128
100.25671672821045,64
100.26792168617249,0
100.27908134460449,64
100.29023623466492,128
100.30144190788269,0
100.31260180473328,128
100.32375383377075,64
100.33490896224976,64
100.34606289863586,0
100.35722160339355,64
100.36850214004517,0
100.37982034683228,0
100.39111971855164,0
100.40241074562073,0
100.41370177268982,0
100.42501020431519,0
100.43630886077881,64
100.44760060310364,64
100.45889043807983,0
100.47031307220459,64
100.48160076141357,128
100.49276566505432,64
100.50392127037048,64
100.51507687568665,64
100.52623343467712,64
100.53738808631897,0
100.54854154586792,0
100.55969476699829,64
100.57090735435486,0
100.58206677436829,0
100.5932183265686,0
100.60437035560608,64
100.6155264377594,128
100.6266918182373,64
100.63784575462341,64
100.64899754524231,128
100.66014909744263,0
100.6714677810669,64
100.68278670310974,64
100.69408774375916,128
100.70538687705994,64
100.71674609184265,64
100.72806310653687,64
100.7393581867218,0
100.75068974494934,64
100.76199054718018,128
100.77341842651367,64
100.78459787368774,0
100.79576134681702,128
100.80692791938782,0
100.81808590888977,64
100.8292407989502,0
100.8403947353363,128
100.8515932559967,0
100.86274313926697,0
100.8740451335907,0
100.88526344299316,192
100.89642548561096,64
100.90760612487793,0
100.91877460479736,128
100.9299328327179,64
100.94109106063843,64
100.95224595069885,0
100.96340012550354,0
100.97460985183716,0
100.98576879501343,0
100.99692273139954,0
101.00836157798767,64
101.01970171928406,0
101.03092336654663,0
101.04223370552063,0
101.05353665351868,64
101.0647439956665,64
101.07595825195312,64
101.08712816238403,0
101.09829092025757,64
101.10944890975952,0
101.12061834335327,0
101.13178515434265,0
101.14293885231018,128
101.1541211605072,0
101.16528415679932,192
101.17649269104004,0
101.18764734268188,64
101.19880318641663,64
101.20996236801147,64
101.22111797332764,128
101.23226857185364,0
101.24342751502991,192
101.25457954406738,64
101.26573300361633,0
101.2770369052887,128
101.28836417198181,64
101.29966711997986,64
101.31097149848938,0
101.32226872444153,64
101.33355951309204,0
101.34484601020813,0
101.35614371299744,64
101.367440700531,64
101.3788673877716,0
101.390052318573,0
101.40121817588806,0
101.41238141059875,128
101.42353534698486,128
101.43468594551086,0
101.44584321975708,64
101.4569959640503,0
101.46814751625061,128
101.47934603691101,0
101.49049806594849,0
101.50175595283508,128
101.5129177570343,0
101.52407455444336,0
101.5352258682251,0
101.54638338088989,0
101.55753684043884,64
101.56869792938232,192
101.57996606826782,0
101.59128856658936,64
101.60259747505188,128
101.61389446258545,0
101.62519836425781,0
101.63649415969849,128
101.64778733253479,0
101.65906739234924,0
101.6703679561615,128
101.68184518814087,0
101.69303560256958,64
101.70420050621033,64
101.71535897254944,0
101.7265145778656,0
101.73767018318176,0
101.74882006645203,0
101.75997400283813,64
101.77113175392151,0
101.78233456611633,128
101.79349040985107,0
101.80464363098145,0
101.81584167480469,0
101.8270013332367,0
101.83815550804138,0
101.84930872917175,128
101.86046576499939,64
101.87165927886963,0
101.88292622566223,0
101.89423561096191,128
101.90553307533264,64
101.9168541431427,0
101.92815780639648,64
101.93945288658142,0
101.95078706741333,0
101.96208572387695,64
101.97338247299194,0
101.98480129241943,0
101.99598097801208,0
102.00713849067688,0
102.01829266548157,0
102.02944445610046,64
102.04060173034668,64
102.05175614356995,64
102.06291627883911,192
102.07407188415527,128
102.08528637886047,192
102.09644532203674,0
102.10760354995728,64
102.11875915527344,128
102.12991046905518,0
102.14106249809265,0
102.15221357345581,0
102.16337299346924,128
102.17453145980835,0
102.18580222129822,64
102.19711470603943,0
102.20841240882874,128
102.2197060585022,64
102.23148083686829,0
102.24290800094604,64
102.25423860549927,64
102.26553010940552,64
102.27685022354126,64
102.28829836845398,64
102.29948472976685,0
102.31068634986877,0
102.32185220718384,0
102.33300614356995,128
102.34416913986206,0
102.35535526275635,0
102.36651659011841,128
102.37766790390015,64
102.38887619972229,0
102.40003371238708,0
102.41122555732727,128
102.42238569259644,64
102.43353509902954,0
102.44468855857849,0
102.45584511756897,64
102.46699905395508,64
102.47815680503845,0
102.48943066596985,0
102.50084924697876,0
102.51215744018555,0
102.52344989776611,0
102.53474020957947,0
102.5460364818573,0
102.55732226371765,0
102.56861114501953,64
102.57990217208862,64
102.5913827419281,64
102.60257029533386,64
102.6137285232544,0
102.6248824596405,0
102.6360387802124,128