cat standing on size of bowl. Still triggered.
Mon Nov 13 17:41:30 2023
Buffer length: 1000
Recording length: 3407
100
#
51.374037742614746,0
51.38518500328064,64
51.39631104469299,0
51.40742611885071,128
51.41853857040405,0
51.42965769767761,0
51.440775871276855,128
51.45189189910889,0
51.46301746368408,128
51.47425198554993,64
51.48553419113159,0
51.496795654296875,0
51.50810670852661,0
51.51943278312683,0
51.53070855140686,0
51.541964530944824,0
51.553218603134155,0
51.56446623802185,64
51.57585883140564,64
51.5870144367218,64
51.59815573692322,0
51.6092803478241,0
51.62040305137634,0
51.631526470184326,64
51.64264726638794,128
51.65376114845276,128
51.66488242149353,64
51.676125288009644,0
51.68740510940552,64
51.69866180419922,0
51.709914207458496,0
51.72116804122925,128
51.732417583465576,0
51.74367308616638,0
51.75493121147156,128
51.766183853149414,0
51.7775661945343,64
51.7887167930603,128
51.799848794937134,192
51.81096172332764,0
51.8220739364624,0
51.83319449424744,128
51.84430813789368,128
51.8554265499115,0
51.86655116081238,64
51.877787828445435,128
51.889065742492676,64
51.90039610862732,0
51.9116575717926,0
51.92291450500488,64
51.93417048454285,64
51.94542384147644,128
51.956679821014404,128
51.96793341636658,0
51.97931385040283,64
51.990458726882935,64
52.00157642364502,0
52.012861013412476,128
52.02399754524231,0
52.03511929512024,128
52.04623889923096,0
52.0573525428772,0
52.06847333908081,64
52.07973051071167,0
52.091012954711914,0
52.10227656364441,0
52.11353659629822,0
52.12479376792908,0
52.13604497909546,0
52.1473069190979,0
52.15855860710144,64
52.16981554031372,128
52.18119668960571,192
52.19236731529236,64
52.20349860191345,128
52.214619398117065,64
52.22573804855347,0
52.23685669898987,64
52.247973918914795,128
52.25909209251404,64
52.27027726173401,0
52.281514167785645,128
52.29279541969299,64
52.30405783653259,64
52.31531047821045,0
52.32656645774841,0
52.337823152542114,64
52.34907674789429,0
52.360376596450806,128
52.37164115905762,0
52.3830292224884,0
52.394177198410034,64
52.40529990196228,0
52.416425466537476,0
52.42754125595093,0
52.438655853271484,0
52.44977641105652,64
52.46090269088745,128
52.472023248672485,0
52.48325181007385,64
52.49453115463257,0
52.50578546524048,0
52.51704216003418,64
52.52829170227051,64
52.53955793380737,64
52.55084562301636,128
52.5621063709259,0
52.57336235046387,64
52.58474349975586,64
52.59588646888733,0
52.60702085494995,128
52.618144273757935,128
52.6292610168457,0
52.64044117927551,64
52.65156126022339,0
52.66267776489258,0
52.6737904548645,128
52.685022592544556,128
52.6963050365448,0
52.707560539245605,128
52.71881699562073,64
52.730116844177246,0
52.7413763999939,64
52.752623558044434,64
52.763874769210815,128
52.77512717247009,64
52.78650736808777,0
52.79768371582031,128
52.808804750442505,0
52.81998133659363,64
52.83111310005188,128
52.84223246574402,64
52.85334849357605,0
52.86446738243103,0
52.87558436393738,0
52.88682436943054,0
52.898104667663574,64
52.909406423568726,128
52.920666456222534,0
52.931997537612915,0
52.943254709243774,0
52.95452094078064,0
52.965776681900024,128
52.9770290851593,64
52.988407611846924,0
52.99956178665161,64
53.01068067550659,192
53.02180051803589,0
53.03291893005371,128
53.04405474662781,128
53.05518054962158,128
53.06630849838257,64
53.07743000984192,64
53.08866786956787,64
53.09995889663696,0
53.11122751235962,64
53.12248206138611,0
53.13373255729675,64
53.14499378204346,128
53.15624785423279,0
53.167505979537964,128
53.178760051727295,0
53.19026064872742,0
53.20142221450806,192
53.21254897117615,128
53.223668336868286,64
53.2347846031189,64
53.24590706825256,64
53.257022857666016,0
53.26813983917236,0
53.279255867004395,0
53.29049825668335,64
53.301783084869385,128
53.3130521774292,0
53.32432222366333,64
53.33557438850403,64
53.346840620040894,64
53.358094453811646,64
53.36935091018677,0
53.38067936897278,0
53.39191913604736,128
53.403067111968994,0
53.4141845703125,0
53.4253032207489,0
53.43642330169678,128
53.44755005836487,64
53.458664894104004,0
53.469783782958984,0
53.4809091091156,128
53.492138385772705,0
53.50341868400574,0
53.51468300819397,64
53.52594518661499,0
53.53720021247864,64
53.548452615737915,0
53.55970215797424,64
53.57096457481384,64
53.58223605155945,64
53.59362196922302,0
53.60477662086487,64
53.61590242385864,128
53.627017974853516,128
53.638136863708496,64
53.64925789833069,0
53.6604323387146,64
53.6715521812439,64
53.68267107009888,0
53.69390296936035,0
53.70518922805786,64
53.71645259857178,64
53.72771382331848,128
53.73896765708923,64
53.75026488304138,64
53.76152229309082,0
53.77277374267578,0
53.78402304649353,0
53.79540133476257,0
53.80655217170715,64
53.81767296791077,64
53.82879614830017,128
53.83991813659668,64
53.85104298591614,192
53.862159967422485,192
53.87327265739441,128
53.88439178466797,0
53.89562225341797,0
53.90691304206848,0
53.91817855834961,64
53.92947840690613,0
53.94074082374573,64
53.951990365982056,0
53.96324038505554,64
53.97449588775635,0
53.98575711250305,64
53.99717044830322,0
54.008321046829224,0
54.0195095539093,0
54.03063750267029,0
54.04175662994385,0
54.05287480354309,0
54.063990116119385,64
54.07510709762573,0
54.08622336387634,0
54.09746313095093,128
54.10874032974243,0
54.12004017829895,64
54.131295680999756,64
54.14254951477051,192
54.15379762649536,64
54.16505813598633,64
54.17631793022156,64
54.187674045562744,64
54.19909691810608,0
54.210371255874634,128
54.221516609191895,0
54.23264765739441,64
54.243767976760864,64
54.25489020347595,128
54.26600503921509,0
54.277122497558594,64
54.28823494911194,0
54.29950189590454,0
54.31079459190369,0
54.32206344604492,0
54.33331847190857,0
54.344576597213745,0
54.3558247089386,0
54.36707544326782,0
54.378326654434204,0
54.38957738876343,64
54.400954484939575,0
54.412105083465576,64
54.42323637008667,128
54.43435215950012,0
54.445470094680786,0
54.4565851688385,128
54.46769857406616,0
54.47881293296814,0
54.48998785018921,64
54.50122928619385,64
54.51250982284546,0
54.5237717628479,64
54.53502798080444,64
54.54628396034241,0
54.55753302574158,0
54.56878685951233,64
54.580082416534424,0
54.59135985374451,0
54.6027569770813,0
54.613901138305664,0
54.62504982948303,0
54.63617134094238,0
54.64729022979736,192
54.658408880233765,64
54.669530630111694,0
54.6806538105011,0
54.69177508354187,0
54.70299959182739,64
54.71427822113037,0
54.725536823272705,0
54.736796855926514,128
54.74804496765137,64
54.75930070877075,0
54.77055263519287,0
54.78180980682373,128
54.79306364059448,0
54.80444407463074,64
54.81559085845947,128
54.8267126083374,0
54.83782911300659,0
54.84894156455994,64
54.8601279258728,128
54.87125611305237,0
54.88237929344177,128
54.893492221832275,128
54.90472078323364,0
54.91599988937378,128
54.92726230621338,0
54.93852496147156,0
54.949777364730835,64
54.96103549003601,64
54.972283363342285,0
54.983535289764404,0
54.99478888511658,0
55.006168842315674,0
55.01730680465698,0
55.028433084487915,192
55.03955364227295,192
55.05067276954651,128
55.06178855895996,0
55.072909116744995,0
55.084025382995605,0
55.095139503479004,64
55.10636591911316,0
55.11765122413635,128
55.128912925720215,64
55.14024209976196,0
55.15150594711304,64
55.162758588790894,0
55.17400908470154,0
55.18525552749634,0
55.196526527404785,64
55.207921504974365,0
55.219061613082886,64
55.230228424072266,128
55.24134635925293,0
55.252461671829224,0
55.2635715007782,0
55.27468681335449,0
55.285804986953735,64
55.29692506790161,0
55.30815601348877,0
55.31949472427368,64
55.33077359199524,0
55.34203553199768,64
55.353291511535645,64
55.36454439163208,0
55.37579846382141,0
55.387051820755005,64
55.398308753967285,0
55.409693479537964,0
55.42084097862244,0
55.4319703578949,128
55.44309854507446,64
55.45421862602234,128
55.46532917022705,0
55.47644376754761,0
55.48756456375122,0
55.49868130683899,64
55.50991725921631,0
55.52120661735535,128
55.532466173172,64
55.54371738433838,64
55.55496883392334,64
55.56622529029846,0
55.57747149467468,0
55.5887188911438,0
55.599974155426025,64
55.611358642578125,0
55.62250757217407,64
55.6336350440979,128
55.64475750923157,64
55.655879497528076,128
55.66702175140381,64
55.67814660072327,128
55.68926525115967,128
55.70044779777527,128
55.71168279647827,0
55.722962379455566,64
55.73422312736511,0
55.74547743797302,0
55.75672936439514,64
55.76798605918884,0
55.779242753982544,64
55.79054379463196,64
55.801820039749146,0
55.81321144104004,0
55.824357986450195,64
55.83548331260681,64
55.846604347229004,0
55.857725620269775,0
55.86884331703186,64
55.8800106048584,0
55.891133546829224,0
55.90224623680115,64
55.913474559783936,128
55.92475461959839,0
55.936018228530884,128
55.94728088378906,0
55.958528995513916,64
55.9697904586792,0
55.981045961380005,0
55.992295265197754,0
56.00354552268982,0
56.01512837409973,0
56.02628970146179,0
56.03742074966431,64
56.04854226112366,128
56.059666872024536,0
56.070799112319946,128
56.08192443847656,128
56.09304690361023,64
56.104161739349365,64
56.115392208099365,128
56.126675844192505,64
56.137937784194946,64
56.14919590950012,64
56.16052603721619,0
56.171786069869995,64
56.18303728103638,0
56.194289684295654,64
56.20554065704346,0
56.216928243637085,0
56.22809600830078,64
56.23922920227051,64
56.25039315223694,0
56.261515378952026,64
56.27263355255127,64
56.28375172615051,0
56.29487180709839,128
56.30603790283203,0
56.31727957725525,0
56.32856488227844,0
56.33983087539673,64
56.35108971595764,64
56.36234259605408,128
56.373592376708984,0
56.38494682312012,0
56.39625811576843,0
56.407527446746826,64
56.41893935203552,64
56.430134534835815,0
56.4412636756897,0
56.45239186286926,64
56.46351742744446,64
56.47464561462402,64
56.48576474189758,64
56.49688243865967,0
56.508002042770386,0
56.51923203468323,0
56.53057837486267,0
56.541847229003906,0
56.553102016448975,0
56.56435942649841,64
56.575613498687744,0
56.58686876296997,0
56.59812378883362,128
56.609419107437134,64
56.620811462402344,64
56.63196063041687,0
56.64307904243469,0
56.65419244766235,0
56.66531443595886,0
56.67643404006958,0
56.68754816055298,0
56.698668479919434,128
56.70981526374817,0
56.72106456756592,128
56.732346534729004,0
56.74361228942871,64
56.75486993789673,64
56.76612210273743,0
56.777374029159546,0
56.78862166404724,0
56.79987192153931,64
56.811119556427,0
56.822503089904785,0
56.833646059036255,128
56.844768047332764,0
56.8558886051178,0
56.867002725601196,0
56.8781201839447,64
56.88923263549805,128
56.900418758392334,64
56.911537885665894,64
56.92276167869568,0
56.93403911590576,64
56.94530487060547,128
56.95656490325928,0
56.96782040596008,0
56.97907376289368,64
56.99038100242615,0
57.001662254333496,0
57.01292133331299,64
57.024312019348145,64
57.0354540348053,64
57.04657292366028,0
57.057690382003784,0
57.06880474090576,0
57.079922676086426,128
57.091060400009155,64
57.10218048095703,0
57.11329770088196,0
57.12452816963196,0
57.1358106136322,0
57.14707398414612,64
57.158324241638184,0
57.16958212852478,64
57.18083715438843,0
57.19209051132202,64
57.20334196090698,64
57.214598655700684,0
57.22598123550415,64
57.23712491989136,128
57.24825835227966,128
57.25953769683838,0
57.27068781852722,0
57.28182673454285,0
57.292959690093994,64
57.30408501625061,0
57.31520080566406,128
57.32643914222717,128
57.33771777153015,0
57.34898066520691,0
57.3602831363678,128
57.37154197692871,0
57.38279366493225,0
57.39404797554016,64
57.40530276298523,64
57.41655659675598,64
57.42794609069824,43904
57.439093351364136,45120
57.45027995109558,44992
57.461405992507935,45184
57.47253632545471,45120
57.48365640640259,45120
57.49478316307068,45120
57.50590467453003,45056
57.51702260971069,44992
57.52825570106506,44928
57.53954815864563,44992
57.55081367492676,44864
57.56206703186035,44992
57.573325872421265,44864
57.584580183029175,44864
57.595844984054565,44928
57.607096433639526,44864
57.61835289001465,44992
57.62975192070007,44928
57.640899896621704,44864
57.65202975273132,44864
57.66315031051636,44800
57.674275636672974,44864
57.68539834022522,44800
57.69651556015015,44864
57.707640171051025,44672
57.7187602519989,44800
57.73005676269531,44800
57.74140191078186,44736
57.75269079208374,44800
57.76395297050476,44736
57.7752046585083,44736
57.78646397590637,44736
57.7977135181427,44672
57.808961153030396,44736
57.82027077674866,44608
57.831674575805664,44672
57.84282422065735,44672
57.8539457321167,44672
57.86506462097168,44672
57.87618017196655,44672
57.887293100357056,44736
57.898412466049194,44608
57.9095344543457,44736
57.920655727386475,44608
57.93188810348511,44544
57.94317030906677,44608
57.95443391799927,44544
57.96568942070007,44608
57.97694253921509,44544
57.98820686340332,44608
57.99952459335327,44608
58.01078724861145,44544
58.02204775810242,44608
58.0334370136261,44544
58.044580698013306,44416
58.05570673942566,44544
58.06682801246643,44480
58.07794523239136,44608
58.089062213897705,44544
58.10021924972534,44544
58.1113440990448,44608
58.122461795806885,44608
58.133684396743774,44544
58.14497351646423,44544
58.15623879432678,44544
58.16748905181885,44416
58.17875146865845,44544
58.19007658958435,44352
58.201366662979126,44544
58.212624311447144,44480
58.22387456893921,44480
58.23526120185852,44480
58.24641156196594,44416
58.25753307342529,44288
58.26865911483765,44480
58.27978277206421,44416
58.290899991989136,44416
58.302016735076904,44416
58.31313443183899,44352
58.32427668571472,44416
58.3355028629303,44352
58.346779346466064,44288
58.358041524887085,44288
58.36930203437805,44224
58.38063311576843,44352
58.391987323760986,44288
58.4032781124115,44224
58.41453719139099,44288
58.42579388618469,44096
58.43719172477722,44160
58.44834280014038,44096
58.45952343940735,44160
58.47066855430603,44160
58.48179221153259,44096
58.492918729782104,44096
58.50403714179993,44096
58.515156507492065,44224
58.52627921104431,44096
58.537513971328735,44096
58.54879450798035,44160
58.56010723114014,44032
58.57136392593384,44160
58.58261728286743,44096
58.593870878219604,44160
58.60512614250183,44224
58.616382122039795,44160
58.6276376247406,44032
58.63902139663696,44224
58.65022921562195,44224
58.66135907173157,44160
58.67248010635376,44160
58.683600664138794,44160
58.69471740722656,44160
58.70583391189575,44096
58.71694850921631,44096
58.72806406021118,44160
58.73929977416992,44096
58.75057649612427,44096
58.761831521987915,44032
58.7730929851532,44032
58.784369468688965,44160
58.79565143585205,44160
58.80692505836487,44096
58.81818675994873,44032
58.82950758934021,44032
58.840916872024536,44224
58.85206127166748,43968
58.863187313079834,44032
58.87430429458618,44032
58.88542103767395,44096
58.896544218063354,44096
58.90765929222107,44096
58.9187753200531,44032
58.929900884628296,44160
58.94113802909851,44032
58.95242714881897,44096
58.9636926651001,44160
58.974956035614014,43968
58.986212968826294,44032
58.99746584892273,44096
59.00872492790222,44032
59.02003741264343,44032
59.03130292892456,44096
59.042685985565186,44032
59.05383253097534,43968
59.064956188201904,44096
59.0760715007782,44096
59.08719253540039,43968
59.09831237792969,44032
59.10947513580322,44032
59.12060332298279,44096
59.13172483444214,43968
59.142948627471924,43968
59.1542227268219,43968
59.16548132896423,44096
59.17673850059509,43968
59.18798899650574,43968
59.19923782348633,44032
59.21055722236633,44032
59.22181701660156,44032
59.233075857162476,43904
59.2444543838501,43904
59.25559735298157,44032
59.26672625541687,44032
59.27784562110901,44032
59.288979053497314,43904
59.300150632858276,43968
59.311278104782104,43904
59.32239866256714,44032
59.333515882492065,43968
59.344743490219116,43968
59.356024742126465,43904
59.36728525161743,43968
59.3785343170166,43840
59.389787435531616,43904
59.40106391906738,43968
59.41231846809387,43904
59.423572063446045,43904
59.4348258972168,43904
59.44620633125305,43968
59.45735239982605,43904
59.468485832214355,43904
59.479602098464966,43904
59.490715980529785,43776
59.501829624176025,43776
59.51294660568237,43776
59.52406072616577,43840
59.535179138183594,43840
59.54641556739807,43840
59.557695150375366,43904
59.56895732879639,43776
59.58028292655945,43776
59.591548919677734,43712
59.60280418395996,43776
59.61405873298645,43712
59.625314235687256,43776
59.63657522201538,43712
59.64795660972595,43712
59.659101724624634,43776
59.67026925086975,43712
59.68139600753784,43648
59.69251227378845,43712
59.70362734794617,43712
59.71475315093994,43776
59.72587823867798,43648
59.73699355125427,43648
59.74822187423706,43584
59.7595591545105,43648
59.77083420753479,43520
59.782089710235596,43648
59.79334259033203,43584
59.804600954055786,43648
59.81585240364075,43520
59.82713007926941,43712
59.83839821815491,43648
59.84979176521301,43584
59.860939502716064,43648
59.872063875198364,43456
59.88318610191345,43456
59.89430260658264,43520
59.905417680740356,43520
59.91653394699097,43648
59.92765665054321,43520
59.9387743473053,43456
59.95006489753723,43456
59.96135354042053,43456
59.972612619400024,43456
59.98386597633362,43392
59.99511528015137,43520
60.006391286849976,43392
60.01768469810486,43520
60.02895522117615,43392
60.0402615070343,43392
60.05166435241699,43392
60.06281018257141,43392
60.07394075393677,43328
60.085063219070435,43264
60.09618854522705,43328
60.107303619384766,43328
60.118422508239746,43264
60.12953996658325,43328
60.14065742492676,43328
60.15188813209534,43264
60.16317343711853,43264
60.1744384765625,43328
60.185694217681885,43328
60.19695258140564,43264
60.208203077316284,43200
60.21951341629028,43200
60.23080325126648,43136
60.24206733703613,43200
60.2534544467926,43136
60.264634132385254,43264
60.27576732635498,43264
60.28688979148865,43264
60.29800844192505,43200
60.30914783477783,43136
60.320316553115845,43136
60.331515312194824,43264
60.34265470504761,43136
60.353844165802,43072
60.36498236656189,43136
60.376110792160034,43200
60.38723015785217,43072
60.39834809303284,43072
60.40950322151184,43072
60.42063593864441,43072
60.43175983428955,43008
60.442880630493164,42816
60.454123973846436,42944
60.46540689468384,42816
60.47667717933655,42880
60.48793625831604,42688
60.49920034408569,42752
60.51052951812744,42752
60.52179479598999,42560
60.5330708026886,42688
60.54433012008667,42432
60.55572175979614,42432
60.566874980926514,42304
60.57800507545471,42176
60.58912658691406,42240
60.60030913352966,42048
60.61143708229065,42048
60.62255597114563,41856
60.63367223739624,41728
60.64479088783264,41536
60.65603160858154,41088
60.66731095314026,40896
60.67857336997986,40576
60.689828872680664,39872
60.70108938217163,38976
60.71233868598938,37888
60.72359228134155,36480
60.73485016822815,35136
60.74610877037048,33152
60.75748872756958,640
60.7686333656311,128
60.779762744903564,0
60.79088044166565,64
60.80200457572937,64
60.81312870979309,192
60.824251651763916,0
60.8353705406189,64
60.84648871421814,128
60.857722759246826,128
60.86903667449951,0
60.88038158416748,64
60.89165258407593,0
60.902909994125366,0
60.91416692733765,64
60.92541861534119,0
60.93667411804199,0
60.947930335998535,0
60.95931363105774,0
60.97046661376953,0
60.981587171554565,0
60.99270701408386,128
61.0038321018219,0
61.01495933532715,64
61.02607607841492,128
61.03719449043274,64
61.048317193984985,0
61.05955243110657,0
61.070831537246704,0
61.08210253715515,64
61.09336304664612,0
61.10461783409119,64
61.115867376327515,0
61.12712240219116,64
61.13837718963623,0
61.14963102340698,0
61.161015033721924,0
61.172162771224976,0
61.183287143707275,0
61.194401264190674,0
61.205540895462036,128
61.21667003631592,128
61.22778868675232,0
61.23890948295593,64
61.25009512901306,64
61.26134490966797,0
61.27262783050537,64
61.28388714790344,0
61.295143604278564,0
61.30639934539795,64
61.31765913963318,64
61.32892656326294,64
61.34023880958557,128
61.351500272750854,64
61.36288619041443,128
61.374035596847534,0
61.38515901565552,128
61.39628076553345,128
61.40739583969116,64
61.418511390686035,64
61.42963671684265,64
61.440754890441895,0
61.45187258720398,128
61.46309971809387,0
61.474387645721436,64
61.485650300979614,0
61.496909856796265,64
61.50816321372986,64
61.51949143409729,0
61.530755043029785,0
61.542012214660645,64
61.55328321456909,64
61.56466746330261,0
61.57581377029419,64
61.58694100379944,0
61.598068952560425,64
61.60918998718262,0
61.620352268218994,64
61.63147163391113,0
61.64259171485901,64
61.653706550598145,0
61.664934396743774,64
61.676212787628174,64
61.68747091293335,64
61.698723793029785,64
61.709980726242065,0
61.72124242782593,64
61.732497453689575,128
61.74375319480896,0
61.755005836486816,0
61.76638984680176,0
61.777533769607544,0
61.788660764694214,0
61.799803495407104,128
61.810930490493774,0
61.822057485580444,64
61.833176612854004,0
61.84430384635925,64
61.8554265499115,0
61.86665987968445,0
61.87794542312622,64
61.88920569419861,0
61.90055060386658,0
61.91182279586792,64
61.923081398010254,0
61.93433237075806,64
61.9455885887146,0
61.95684456825256,0
61.968234062194824,64
61.97942137718201,64
61.990553855895996,0
62.00167775154114,64
62.01280069351196,128
62.02392363548279,0
62.03504252433777,0
62.04616165161133,0
62.057278633117676,64
62.068522691726685,128
62.07980680465698,0
62.091078758239746,0
62.10233998298645,0
62.11359524726868,128
62.124855518341064,64
62.13610816001892,64
62.14736008644104,64
62.15861797332764,64
62.17011380195618,64
62.18127202987671,0
62.1924033164978,192
62.20352387428284,0
62.214637994766235,0
62.22575402259827,128
62.23686933517456,0
62.24798798561096,64
62.25910425186157,0
62.27037334442139,128
62.281665563583374,64
62.292930364608765,64
62.304198026657104,64
62.31545639038086,64
62.326714754104614,0
62.33796787261963,0
62.3492214679718,0
62.36054563522339,64
62.3719379901886,128
62.383087158203125,0
62.394206047058105,0
62.40533423423767,64
62.416452169418335,0
62.4275643825531,128
62.43868017196655,128
62.44980049133301,128
62.460923194885254,128
62.47217059135437,128
62.48345470428467,64
62.49472236633301,0
62.505982398986816,64
62.51723527908325,0
62.52848243713379,0
62.53973722457886,0
62.550989389419556,64
62.562241315841675,0
62.573636531829834,0
62.585185050964355,0
62.59640121459961,0
62.60753607749939,0
62.61866092681885,0
62.62980246543884,64
62.64093089103699,128
62.652047634124756,128
62.66316342353821,128
62.6743426322937,0
62.685460329055786,64
62.696574449539185,0
62.70769023895264,128
62.71881175041199,64
62.72998571395874,64
62.741105794906616,0
62.75222682952881,64
62.763338804244995,64
62.77456760406494,64
62.78584313392639,0
62.797115087509155,64
62.80836820602417,64
62.81962251663208,0
62.83088159561157,0
62.84213590621948,0
62.853381872177124,0
62.864625215530396,0
62.876012086868286,64
62.88715600967407,0
62.898282051086426,192
62.90946316719055,64
62.92059063911438,64
62.93170928955078,0
62.94288611412048,0
62.95402240753174,64
62.965152978897095,0
62.97638702392578,0
62.987671852111816,0
62.998939990997314,64
63.01027202606201,64
63.02154064178467,64
63.032798290252686,64
63.04424333572388,64
63.05550765991211,128
63.06676411628723,0
63.078168630599976,64
63.08931851387024,64
63.10044741630554,0
63.11157441139221,64
63.122695207595825,64
63.13380551338196,0
63.14492082595825,0
63.15604591369629,192
63.16716146469116,0
63.17839026451111,64
63.18967318534851,0
63.20094132423401,128
63.21219539642334,0
63.22344923019409,0
63.23470091819763,0
63.24595093727112,0
63.25719928741455,0
63.26845335960388,0
63.27991342544556,0
63.291088581085205,64
63.30224251747131,0
63.3133819103241,0
63.324509620666504,128
63.33562922477722,64
63.34674954414368,0
63.3578667640686,0
63.36898708343506,0
63.380279541015625,64
63.391568422317505,0
63.402830839157104,64
63.41408848762512,64
63.42534017562866,0
63.436593770980835,0
63.44784379005432,0
63.45909094810486,0
63.47041583061218,0
63.481812953948975,64
63.49296045303345,64
63.50408482551575,0
63.51519823074341,0
63.526312589645386,64
63.53742957115173,128
63.54855036735535,64
63.55967092514038,64
63.570788860321045,0
63.582011699676514,0
63.59329342842102,0
63.60456562042236,64
63.615824699401855,64
63.6270797252655,64
63.63834071159363,0
63.64960074424744,0
63.660850524902344,128
63.67210268974304,64
63.683491468429565,64
63.69463801383972,0
63.70576572418213,64
63.716883420944214,64
63.72800040245056,0
63.739115476608276,64
63.75029420852661,64
63.761415004730225,0
63.77253198623657,0
63.78375864028931,128
63.79503393173218,0
63.806294441223145,0
63.81754231452942,0
63.828792333602905,0
63.84008717536926,0
63.85134267807007,64
63.86259388923645,0
63.87384057044983,128
63.885220527648926,64
63.89636850357056,0
63.90748953819275,128
63.918604373931885,64
63.92972469329834,0
63.94084191322327,192
63.951953172683716,64
63.963069438934326,128
63.97418761253357,0
63.98548150062561,0
63.99678158760071,64
64.00804424285889,0
64.01934051513672,64
64.03074645996094,0
64.04200911521912,64
64.05327248573303,64
64.06452250480652,0
64.07578635215759,64
64.0871798992157,64
64.09832644462585,0
64.10949087142944,0
64.12061929702759,0
64.13174176216125,64
64.1428656578064,64
64.15398836135864,0
64.16510558128357,0
64.17622637748718,128
64.18745541572571,128
64.19872832298279,0
64.21008396148682,0
64.22135043144226,0
64.23260283470154,0
64.24385643005371,0
64.25511288642883,128
64.26636552810669,64
64.27761721611023,0
64.28899884223938,64
64.30018186569214,0
64.31130743026733,128
64.32243251800537,0
64.33355641365051,128
64.34467434883118,128
64.35579323768616,64
64.36690711975098,64
64.37803030014038,192
64.38943266868591,128
64.40075516700745,64
64.41203022003174,0
64.42328643798828,0
64.43454098701477,64
64.4457950592041,64
64.4570541381836,64
64.46830749511719,64
64.47956705093384,64
64.49095225334167,0
64.50210571289062,192
64.51323318481445,0
64.52435278892517,0
64.53547310829163,0
64.54659366607666,64
64.5577118396759,128
64.56882786750793,64
64.58001112937927,64
64.59125709533691,128
64.6025378704071,0
64.61380815505981,64
64.6250638961792,0
64.63631868362427,0
64.64756989479065,0
64.6588306427002,0
64.67012810707092,64
64.68138933181763,64
64.69278001785278,128
64.70393061637878,64
64.71505737304688,128
64.72617602348328,0
64.73729658126831,0
64.74841403961182,64
64.7595362663269,64
64.77065134048462,0
64.78176641464233,0
64.79299092292786,0
64.8042938709259,64
64.81556510925293,64
64.82683300971985,64
64.83808827400208,0
64.84934401512146,64
64.86067700386047,64
64.87193536758423,64
64.88318920135498,0
64.89458537101746,64
64.90573239326477,64
64.91685509681702,0
64.92797422409058,0
64.93912315368652,64
64.9502866268158,128
64.96140456199646,0
64.97252202033997,0
64.98363447189331,128
64.99486708641052,0
65.00614380836487,64
65.01741099357605,0
65.02868556976318,0
65.03994083404541,0
65.05119371414185,64
65.0624475479126,64
65.07370710372925,64
65.0849609375,128
65.09635090827942,64
65.10749459266663,128
65.11862015724182,64
65.1297492980957,0
65.14087057113647,0
65.15198588371277,0
65.16310238838196,192
65.17423295974731,64
65.18534970283508,64
65.19657754898071,0
65.20785570144653,128
65.21911835670471,64
65.23044991493225,64
65.24171376228333,64
65.25296831130981,64
65.26422572135925,128
65.27547574043274,64
65.28672647476196,64
65.29811668395996,64
65.30925869941711,0
65.32042646408081,0
65.33155059814453,64
65.34266638755798,128
65.35378456115723,0
65.36489844322205,0
65.37602281570435,128
65.38714337348938,64
65.39837384223938,64
65.40968799591064,64
65.42095899581909,0
65.43221831321716,64
65.44346952438354,0
65.45472145080566,64
65.46597862243652,0
65.47723269462585,128
65.48848795890808,64
65.49988055229187,192
65.51103162765503,64
65.52215361595154,0
65.53327775001526,0
65.5443959236145,0
65.55551433563232,0
65.56663513183594,192
65.57775545120239,0
65.58888149261475,128
65.6001844406128,192
65.61147499084473,0
65.62273621559143,0
65.63399648666382,64
65.64525699615479,0
65.65651679039001,0
65.6677737236023,64
65.67903399467468,0
65.69034123420715,0
65.70173072814941,192
65.71287679672241,0
65.72399926185608,0
65.73511457443237,0
65.74623203277588,128
65.75735092163086,0
65.76846170425415,128
65.77957844734192,0
65.79069375991821,0
65.8019151687622,0
65.81319689750671,0
65.82446336746216,64
65.83571410179138,0
65.84696435928345,64
65.8582193851471,64
65.86953806877136,64
65.8808023929596,0
65.89205241203308,0
65.903493642807,0
65.9146614074707,0
65.92578983306885,64
65.93690967559814,0
65.94803285598755,0
65.95925664901733,128
65.97045040130615,0
65.98159599304199,192
65.99273204803467,0
66.00391626358032,0
66.01507186889648,64
66.02620029449463,0
66.03732109069824,64
66.04843425750732,0
66.059561252594,0
66.07071089744568,128
66.08183193206787,128
66.09294986724854,0
66.10418510437012,0
66.11547017097473,64
66.12673497200012,128
66.13799214363098,128
66.14927339553833,64
66.16053199768066,0
66.17178750038147,64
66.18304514884949,64
66.19429898262024,0
66.20568990707397,0
66.21683812141418,128
66.22796678543091,128
66.23908519744873,0
66.25027632713318,192
66.26140260696411,0
66.2725179195404,0
66.28363871574402,128
66.294757604599,0
66.3059914112091,192
66.31727743148804,64
66.32854270935059,0
66.33980250358582,0
66.35106229782104,64
66.36238169670105,64
66.37367105484009,64
66.38493180274963,128
66.39620399475098,64
66.40760970115662,64
66.4187593460083,0
66.42989611625671,0
66.44101405143738,0
66.4521415233612,0
66.46327424049377,0
66.47439885139465,0
66.48551416397095,0
66.49663758277893,64
66.50787377357483,0
66.51915693283081,0
66.5304925441742,64
66.54180002212524,0
66.55307054519653,0
66.56432437896729,0
66.57558345794678,0
66.58683776855469,0
66.5980920791626,0
66.60954022407532,128
66.62071514129639,128
66.63185143470764,0
66.64297342300415,128
66.65410327911377,64
66.66522216796875,0
66.67633867263794,64
66.68745493888855,0
66.69856882095337,64
66.70981740951538,128
66.72110080718994,0
66.73236632347107,128
66.74362349510193,0
66.75487875938416,64
66.76613473892212,0
66.77738404273987,0
66.78864097595215,0
66.79989385604858,0
66.81127405166626,128
66.82242441177368,64
66.8335530757904,0
66.84467244148254,128
66.85579037666321,0
66.86691069602966,0
66.8780267238617,64
66.8891429901123,0
66.90032625198364,0
66.91155767440796,128
66.9228355884552,64
66.93409514427185,128
66.94534993171692,0
66.95660781860352,0
66.9678680896759,128
66.97912621498108,64
66.99043130874634,0
67.00168704986572,64
67.01306939125061,0
67.02421522140503,64
67.03534483909607,64
67.04646420478821,0
67.05758237838745,0
67.06870174407959,0
67.07984232902527,64
67.09098029136658,0
67.10213041305542,64
67.11337375640869,0
67.12466096878052,0
67.13592076301575,64
67.14718389511108,64
67.15844440460205,0
67.1697084903717,64
67.18096494674683,64
67.19221782684326,0
67.20347666740417,0
67.21490573883057,64
67.22606086730957,0
67.23719024658203,0
67.24831199645996,0
67.25953698158264,64
67.27067446708679,0
67.28180193901062,0
67.29291987419128,0
67.30404019355774,64
67.31526899337769,64
67.32655382156372,0
67.33781790733337,128
67.34907245635986,64
67.36037516593933,0
67.37163209915161,64
67.38288378715515,64
67.39413475990295,0
67.40539145469666,0
67.41678190231323,0
67.42792630195618,64
67.43905401229858,128
67.45023918151855,192
67.46136832237244,0
67.47248387336731,0
67.48360586166382,128
67.49472689628601,0
67.50584816932678,64
67.51708221435547,64
67.52836012840271,0
67.53962540626526,0
67.55088663101196,0
67.56213712692261,128
67.57338643074036,64
67.58480262756348,64
67.59616947174072,64
67.60745930671692,0
67.61887693405151,64
67.63006830215454,128
67.64120841026306,0
67.6523380279541,128
67.6634681224823,128
67.67458891868591,0
67.68570876121521,0
67.69682741165161,64
67.7079496383667,0
67.71918034553528,0
67.73054003715515,0
67.74180793762207,128
67.75306415557861,64
67.76432514190674,64
67.7755811214447,64
67.78687238693237,64
67.79812455177307,64
67.80944085121155,0
67.82074022293091,64
67.83188486099243,128
67.84300327301025,64
67.85411930084229,0
67.8652355670929,64
67.87634873390198,64
67.88746285438538,0
67.89857196807861,0
67.90969157218933,128
67.92092037200928,0
67.93220376968384,64
67.94347143173218,0
67.95472383499146,64
67.96597504615784,0
67.97722744941711,0
67.98847484588623,0
67.99973106384277,64
68.0109806060791,128
68.02242803573608,0
68.03358554840088,0
68.04471111297607,0
68.05582976341248,0
68.06694388389587,64
68.07806491851807,128
68.08918118476868,0
68.10036730766296,64
68.1114866733551,64
68.12271881103516,128
68.13399648666382,0
68.14528942108154,64
68.15656185150146,64
68.16781616210938,128
68.17907047271729,0
68.19038701057434,64
68.20164370536804,0
68.21289920806885,0
68.22428727149963,0
68.23543810844421,64
68.24656844139099,0
68.25768709182739,64
68.2688045501709,192
68.27998661994934,0
68.29111742973328,128
68.30223488807678,0
68.3133544921875,0
68.32459139823914,64
68.33586978912354,64
68.34713172912598,64
68.35838437080383,0
68.36963987350464,64
68.38089609146118,0
68.39215207099915,64
68.40340757369995,64
68.41468143463135,0
68.42608070373535,128
68.43722939491272,64
68.4483551979065,0
68.45952653884888,0
68.47066688537598,0
68.48179197311401,64
68.49291157722473,0
68.50403571128845,128
68.51515793800354,0
68.52638483047485,0
68.53766393661499,128
68.54893684387207,0
68.56024193763733,64
68.57149982452393,0
68.5827522277832,0
68.59401059150696,0
68.60526394844055,64
68.61652207374573,64
68.62790942192078,0
68.63905668258667,0
68.65024161338806,0
68.66136741638184,192
68.67249584197998,0
68.68361496925354,0
68.69473671913147,64
68.7058572769165,0
68.71697854995728,0
68.72820401191711,0
68.73951840400696,0
68.75079488754272,0
68.76206231117249,64
68.77332258224487,128
68.78457832336426,0
68.79583048820496,64
68.80708813667297,64
68.81834125518799,64
68.82972598075867,64
68.8408772945404,64
68.85200238227844,0
68.86312246322632,0
68.87424302101135,128
68.88535833358765,0
68.89647126197815,0
68.90758991241455,64
68.91870903968811,0
68.92999529838562,128
68.94129037857056,64
68.95255613327026,0
68.96381664276123,64
68.97506880760193,0
68.98632073402405,0
68.99757528305054,0
69.00885128974915,0
69.0201678276062,0
69.031569480896,0
69.04271674156189,0
69.05383801460266,64
69.0649528503418,0
69.07607507705688,64
69.08719086647034,0
69.0983054637909,128
69.10952377319336,0
69.12066221237183,0
69.1318895816803,0
69.14317512512207,128
69.15443921089172,0
69.16569638252258,0
69.17694973945618,0
69.18825125694275,0
69.1995587348938,64
69.2108314037323,0
69.22209000587463,64
69.23347806930542,0
69.24462485313416,0
69.25574779510498,0
69.26686978340149,192
69.27799487113953,0
69.28911066055298,0
69.30029153823853,0
69.31141543388367,64
69.32253551483154,0
69.3337664604187,64
69.34504723548889,0
69.3563175201416,64
69.3675742149353,64
69.3788251876831,0
69.39012789726257,0
69.40147042274475,0
69.41273880004883,0
69.42400813102722,64
69.43542170524597,0
69.4465765953064,128
69.4577054977417,0
69.46882009506226,0
69.47998046875,64
69.49110841751099,0
69.50222635269165,64
69.51334571838379,0
69.52447438240051,128
69.5357072353363,0
69.5469901561737,64
69.55825614929199,0
69.56956720352173,64
69.58084154129028,64
69.59209704399109,64
69.60335111618042,64
69.61462306976318,64
69.6258807182312,0
69.63727259635925,128
69.64842414855957,64
69.65954923629761,0
69.67066693305969,0
69.68178629875183,0
69.69290280342102,128
69.7040228843689,128
69.7151427268982,64
69.7262635231018,0
69.73749613761902,64
69.74877190589905,128
69.7601056098938,0
69.7713680267334,0
69.78262782096863,64
69.79388403892517,64
69.80513429641724,64
69.81639266014099,0
69.82764267921448,0
69.83902597427368,64
69.85021138191223,64
69.86134123802185,0
69.87245607376099,128
69.88357043266296,192
69.89468455314636,0
69.90580248832703,128
69.91691470146179,0
69.92803049087524,0
69.93925547599792,128
69.9505980014801,128
69.96186780929565,0
69.97313237190247,64
69.98438906669617,128
69.99564290046692,128
70.00689959526062,0
70.01815700531006,0
70.02945828437805,0
70.04085278511047,0
70.05199646949768,0
70.06311655044556,0
70.07424283027649,0
70.08536100387573,0
70.09648203849792,0
70.10759687423706,64
70.11871576309204,192
70.12986421585083,64
70.14109563827515,0
70.1523745059967,64
70.16363787651062,64
70.17489767074585,0
70.18615102767944,64
70.19740772247314,0
70.20866203308105,64
70.21996426582336,0
70.23126673698425,0
70.24266648292542,64
70.25380969047546,0
70.26493000984192,64
70.27605271339417,0
70.28717875480652,0
70.29830265045166,64
70.30948448181152,128
70.3206193447113,128
70.33174180984497,64
70.34297680854797,64
70.35425591468811,0
70.3655173778534,128
70.37677431106567,0
70.38802766799927,128
70.39928221702576,0
70.4105384349823,64
70.42179870605469,0
70.43305325508118,0
70.44443273544312,0
70.45557951927185,128
70.46670913696289,0
70.47782945632935,0
70.48895025253296,0
70.50013637542725,0
70.5112669467926,0
70.52238631248474,0
70.53350448608398,128
70.54473495483398,0
70.5560245513916,64
70.56728863716125,0
70.57854461669922,64
70.5898015499115,64
70.60106039047241,0
70.61231470108032,0
70.62357831001282,0
70.63486671447754,64
70.64625382423401,0
70.65739965438843,0
70.66852641105652,128
70.67964839935303,0
70.69076299667358,0
70.70187997817993,0
70.71300411224365,0
70.72412347793579,128
70.73524785041809,192
70.7464804649353,128
70.7577600479126,64
70.76902508735657,64
70.78035378456116,64
70.79161548614502,128
70.80287575721741,64
70.81414866447449,0
70.82541036605835,64
70.83667063713074,0
70.84806513786316,128
70.85920071601868,0
70.8703682422638,0
70.88148665428162,0
70.89260411262512,64
70.9037218093872,0
70.91483640670776,0
70.92595791816711,64
70.9370744228363,64
70.94830393791199,128
70.95958685874939,64
70.97085618972778,0
70.98211789131165,128
70.99337005615234,0
71.00462698936462,0
71.01587557792664,64
71.02714014053345,0
71.0384030342102,64
71.04979658126831,0
71.06095480918884,64
71.07207417488098,0
71.08319854736328,64
71.09431648254395,128
71.10543537139893,64
71.11655688285828,128
71.12767934799194,192
71.13879537582397,64
71.15013694763184,0
71.16142535209656,64
71.17268681526184,128
71.18394112586975,0
71.1951949596405,128
71.20644974708557,64
71.217702627182,0
71.22894501686096,0
71.24025321006775,0
71.25164985656738,0
71.26283121109009,0
71.27396750450134,0
71.28509092330933,0
71.29621148109436,128
71.30732679367065,64
71.31844019889832,0
71.32956337928772,0
71.34068560600281,0
71.35191559791565,128
71.36319470405579,128
71.37445592880249,0
71.3857934474945,64
71.39707827568054,128
71.4083263874054,64
71.41961884498596,128
71.43089008331299,64
71.442147731781,64
71.45354151725769,0
71.46468544006348,64
71.47581243515015,0
71.48693060874939,0
71.49805164337158,64
71.50917434692383,128
71.52034854888916,0
71.53146862983704,0
71.54258441925049,0
71.55381274223328,64
71.5650954246521,64
71.5763669013977,0
71.58762097358704,0
71.59887456893921,0
71.61018395423889,64
71.62144351005554,0
71.63269925117493,0
71.6439516544342,64
71.65532898902893,0
71.66647863388062,0
71.67759943008423,64
71.68871974945068,64
71.69983434677124,128
71.71095561981201,128
71.72206330299377,64
71.73317503929138,0
71.74429273605347,0
71.75553059577942,0
71.76680874824524,0
71.77807307243347,64
71.78932762145996,64
71.80058121681213,64
71.81183934211731,0
71.82308983802795,0
71.83434295654297,128
71.84559345245361,64
71.85697531700134,0
71.8681206703186,64
71.87924337387085,128
71.89040112495422,0
71.90152192115784,0
71.9126365184784,128
71.92374873161316,64
71.93486404418945,0
71.94598054885864,0
71.95720076560974,192
71.96847414970398,0
71.97973108291626,0
71.99098682403564,64
72.00223445892334,0
72.01367735862732,0
72.02495431900024,64
72.03621578216553,64
72.04746627807617,64
72.05885052680969,0
72.07004809379578,0
72.08118605613708,192
72.09230256080627,0
72.10342216491699,0
72.11453652381897,0
72.12565302848816,64
72.13677167892456,0
72.14789319038391,128
72.15912175178528,64
72.17044949531555,0
72.1817147731781,64
72.19296932220459,64
72.20421695709229,0
72.21547102928162,0
72.22672581672668,0
72.2379777431488,64
72.24922728538513,64
72.26071119308472,64
72.2718620300293,64
72.2829840183258,128
72.29410147666931,0
72.30523705482483,0
72.3163583278656,0
72.32747340202332,0
72.33859157562256,0
72.34971117973328,192
72.36095070838928,192
72.37223148345947,0
72.38349056243896,0
72.39474844932556,0
72.40599703788757,0
72.41724634170532,0
72.42850279808044,64
72.43975973129272,64
72.45100617408752,64
72.46237969398499,64
72.47353029251099,64
72.48465251922607,128
72.49576902389526,128
72.50695013999939,0
72.5180926322937,128
72.52921390533447,0
72.54038834571838,0
72.55151438713074,192
72.56275629997253,64
72.57403683662415,64
72.58529710769653,0
72.59655714035034,64
72.60781383514404,0
72.61908745765686,0
72.63039922714233,64
72.64166188240051,0
72.65291738510132,0
72.66429924964905,0
72.67544317245483,0
72.68656849861145,0
72.69767808914185,0
72.70880174636841,0
72.7199239730835,0
72.7310528755188,64
72.7421669960022,128
72.75328302383423,0
72.76451539993286,192
72.77581787109375,64
72.78708243370056,64
72.79833674430847,64
72.80958986282349,0
72.82085108757019,64
72.83210515975952,0
72.84335422515869,0
72.85461282730103,0
72.86599469184875,128
72.87713646888733,0
72.88826012611389,128
72.89943957328796,0
72.91056275367737,64
72.9216856956482,0
72.93280267715454,0
72.94398498535156,192
72.95510840415955,0
72.96634197235107,128
72.97762393951416,0
72.9888904094696,64
73.0002007484436,64
73.01146125793457,128
73.02271676063538,128
73.03397226333618,0
73.04541730880737,0
73.05668759346008,128
73.06807017326355,0
73.0792179107666,0
73.0904107093811,0
73.10153412818909,0
73.11265778541565,0
73.12377715110779,64
73.13489723205566,0
73.14602136611938,64
73.15714168548584,64
73.16837406158447,0
73.17965888977051,64
73.1909248828888,0
73.20218014717102,64
73.21344757080078,0
73.22472739219666,0
73.23598384857178,0
73.24723601341248,0
73.25848865509033,0
73.2698769569397,64
73.28103375434875,0
73.292165517807,0
73.30329060554504,0
73.31440877914429,0
73.325523853302,0
73.33664059638977,128
73.34779930114746,0
73.35892868041992,0
73.3702380657196,0
73.3815267086029,0
73.39278864860535,0
73.40404295921326,0
73.4152979850769,0
73.42656230926514,128
73.43781566619873,0
73.44906735420227,64
73.46037554740906,64
73.4717583656311,0
73.48293542861938,64
73.49406480789185,128
73.50518417358398,128
73.51630473136902,0
73.52742385864258,0
73.53854036331177,0
73.54965853691101,0
73.56077837944031,0
73.57201194763184,0
73.58328866958618,0
73.59455442428589,128
73.60581159591675,128
73.61706495285034,0
73.62831902503967,0
73.6395800113678,64
73.65082955360413,0
73.66208004951477,0
73.67346167564392,0
73.68460488319397,0
73.6957266330719,0
73.70684671401978,0
73.71796989440918,0
73.72908520698547,192
73.7402663230896,64
73.75138998031616,0
73.76250743865967,64
73.77373313903809,0
73.78501057624817,64
73.79628872871399,64
73.80754947662354,0
73.8188169002533,64
73.83012270927429,64
73.84138226509094,64
73.85263752937317,64
73.86389422416687,64
73.8752830028534,0
73.88643407821655,64
73.8975625038147,0
73.90867495536804,0
73.91979432106018,128
73.93091320991516,128
73.94202923774719,128
73.95315170288086,128
73.96426939964294,0
73.97549605369568,0
73.98677062988281,0
73.99803566932678,64
74.00929427146912,0
74.02055287361145,64
74.03180575370789,0
74.0430600643158,0
74.05431199073792,64
74.06556749343872,0
74.07694578170776,0
74.08809328079224,64
74.09921288490295,0
74.11039638519287,0
74.12151312828064,0
74.13263726234436,128
74.14375448226929,128
74.15487027168274,64
74.1659893989563,64
74.17722249031067,64
74.18850207328796,0
74.19976282119751,128
74.21101832389832,64
74.22226881980896,0
74.23351907730103,0
74.24477910995483,128
74.25603032112122,0
74.26727867126465,0
74.27865362167358,0
74.28980278968811,64
74.30094337463379,0
74.31206512451172,64
74.32317972183228,0
74.33429718017578,0
74.34541726112366,64
74.35653686523438,0
74.36766123771667,128
74.37889337539673,0
74.39027070999146,0
74.40155148506165,64
74.41281199455261,64
74.42408633232117,64
74.43534517288208,0
74.44659924507141,0
74.45785021781921,0
74.46910285949707,0
74.48053646087646,0
74.49169659614563,64
74.50282573699951,128
74.5139491558075,64
74.52506756782532,0
74.53618693351746,128
74.54729866981506,0
74.5584135055542,0
74.56954765319824,0
74.58080244064331,128
74.59208273887634,64
74.60334467887878,0
74.61459851264954,64
74.62584900856018,0
74.63709902763367,128
74.64836049079895,64
74.65962433815002,64
74.67087650299072,0
74.68226099014282,64
74.6934106349945,128
74.70453333854675,192
74.71565270423889,64
74.7267689704895,0
74.73788928985596,0
74.74900794029236,0
74.76018238067627,0
74.77130722999573,128
74.7825448513031,64
74.79383087158203,128
74.8050925731659,64
74.81635928153992,128
74.82761812210083,64
74.83887434005737,64
74.8501763343811,0
74.86143779754639,64
74.87268853187561,0
74.88407039642334,64
74.8952214717865,0
74.90635347366333,0
74.91747045516968,0
74.92858839035034,64
74.93970942497253,0
74.95083093643188,64
74.96194362640381,64
74.97305679321289,0
74.98429083824158,0
74.9955677986145,128
75.00683164596558,64
75.0181052684784,64
75.02943134307861,64
75.04069375991821,0
75.0519528388977,0
75.06320548057556,0
75.07446789741516,64
75.0858519077301,0
75.09699821472168,0
75.10812377929688,0
75.11924147605896,128
75.13039565086365,192
75.14151096343994,0
75.15265917778015,0
75.1637794971466,128
75.17490124702454,0
75.1861343383789,0
75.19741559028625,0
75.20868420600891,64
75.21994471549988,64
75.23120713233948,0
75.24245977401733,128
75.25371479988098,128
75.26497340202332,64
75.27622747421265,0
75.28760433197021,0
75.29874968528748,0
75.30987763404846,128
75.3210072517395,128
75.33213019371033,128
75.34325361251831,0
75.35436844825745,64
75.36548614501953,128
75.37660336494446,0
75.38783931732178,128
75.39911842346191,64
75.41045641899109,0
75.42175078392029,0
75.43302273750305,0
75.44428133964539,128
75.45553851127625,64
75.46679592132568,0
75.47805213928223,64
75.48948383331299,64
75.5006456375122,64
75.51177215576172,64
75.52289128303528,192
75.53400707244873,0
75.5451271533966,128
75.55624532699585,64
75.56736350059509,0
75.57856249809265,128
75.58983325958252,0
75.60113406181335,0
75.6124267578125,128
75.62371277809143,0
75.63497686386108,64
75.64622855186462,64
75.65748476982117,64
75.66874504089355,64
75.68004775047302,128
75.69144654273987,64
75.70259690284729,0
75.7137200832367,64
75.72483921051025,0
75.73595666885376,0
75.74708271026611,64
75.75819706916809,192
75.76931309700012,0
75.78042554855347,0
75.7916567325592,0
75.80293583869934,64
75.81419348716736,128
75.82545137405396,0
75.83671736717224,0
75.84797263145447,64
75.85922479629517,64
75.87054824829102,64
75.88180708885193,0
75.8931884765625,64
75.90433311462402,128
75.9154543876648,0
75.92657852172852,64
75.93769431114197,128
75.9488115310669,0
75.95996308326721,0
75.97108268737793,0
75.98219633102417,0
75.99342584609985,64
76.0047070980072,0
76.01600313186646,64
76.02727246284485,0
76.03852701187134,0
76.04978275299072,0
76.06103873252869,0
76.07229495048523,64
76.0835554599762,192
76.09494256973267,64
76.10609936714172,0
76.11722421646118,0
76.12834286689758,64
76.13957142829895,64
76.15071415901184,64
76.16183590888977,128
76.17295694351196,128
76.18407726287842,0
76.19530892372131,0
76.20658707618713,64
76.21786594390869,64
76.22913122177124,128
76.24043774604797,0
76.25214123725891,64
76.2638738155365,0
76.27564144134521,64
76.28737354278564,0
76.29898166656494,0
76.31059765815735,128
76.32208704948425,256
76.33349227905273,64
76.34462857246399,128
76.35568046569824,0
76.36677360534668,64
76.37780857086182,64
76.38883829116821,0
76.4000141620636,64
76.41117095947266,64
76.42230439186096,128
76.43342399597168,0
76.4445469379425,128
76.45566654205322,0
76.46681141853333,128
76.47793841362,128
76.4890513420105,128
76.50035977363586,0
76.51164245605469,0
76.52290797233582,0
76.5341637134552,64
76.54542016983032,0
76.55668640136719,64
76.56793808937073,0
76.57918691635132,0
76.59048891067505,0
76.60186982154846,64
76.61301231384277,128
76.62413740158081,64
76.63525652885437,64
76.64637589454651,64
76.65748953819275,128
76.6686041355133,0
76.67971801757812,0
76.69084525108337,128
76.70207953453064,0
76.71335577964783,128
76.7246196269989,0
76.73587083816528,64
76.74712133407593,64
76.75837421417236,192
76.76963233947754,64
76.78093075752258,0
76.7921974658966,0
76.80358004570007,0
76.81472301483154,128
76.82588005065918,0
76.83701515197754,0
76.84814119338989,0
76.85926342010498,128
76.87046241760254,64
76.881596326828,0
76.89271569252014,0
76.90394401550293,0
76.91522145271301,64
76.92648434638977,0
76.93774247169495,64
76.94898843765259,0
76.96028637886047,64
76.97154307365417,0
76.98279881477356,64
76.99405264854431,0
77.00543665885925,128
77.01658415794373,0
77.02770948410034,0
77.03882765769958,64
77.05000019073486,64
77.06112360954285,64
77.07224035263062,192
77.08336544036865,0
77.09448766708374,64
77.10572361946106,128
77.11699557304382,0
77.12824845314026,64
77.13954186439514,64
77.15080094337463,0
77.16205286979675,64
77.17330265045166,0
77.1845531463623,0
77.19580245018005,0
77.20718765258789,0
77.21833562850952,0
77.22951054573059,64
77.24063920974731,0
77.25175666809082,0
77.26287961006165,64
77.27399492263794,0
77.28510975837708,128
77.2962257862091,0
77.30745959281921,0
77.31874179840088,128
77.33005857467651,0
77.34133243560791,0
77.35258936882019,0
77.36384224891663,0
77.3750958442688,64
77.38635802268982,64
77.39760947227478,0
77.40898633003235,0
77.42023015022278,192
77.43137168884277,128
77.44249057769775,0
77.453608751297,0
77.46472883224487,0
77.47584319114685,0
77.4869589805603,0
77.49807620048523,0
77.50935554504395,0
77.5206937789917,64
77.53196620941162,0
77.54322218894958,0
77.5544707775116,0
77.56572771072388,128
77.57698822021484,64
77.5882408618927,128
77.59954118728638,0
77.61094641685486,64
77.6220953464508,0
77.63322305679321,0
77.6443510055542,64
77.65547370910645,64
77.66659259796143,64
77.67770481109619,0
77.68881726264954,64
77.69997787475586,64
77.71122074127197,0
77.72250962257385,64
77.73376893997192,0
77.74502754211426,0
77.75628900527954,128
77.76754760742188,128
77.778804063797,64
77.79012966156006,128
77.80139303207397,0
77.81278204917908,64
77.82392716407776,0
77.83505296707153,0
77.8461742401123,0
77.85729050636292,128
77.86841034889221,64
77.87953639030457,0
77.89066433906555,192
77.90178871154785,64
77.91301345825195,0
77.92429161071777,0
77.93555450439453,64
77.94680547714233,0
77.95806527137756,0
77.96932172775269,0
77.98058366775513,0
77.99183893203735,64
78.003093957901,0
78.01447629928589,64
78.02565670013428,0
78.03679037094116,64
78.0479109287262,0
78.05902814865112,0
78.0701892375946,0
78.08131814002991,128
78.09243512153625,64
78.10355353355408,0
78.1147894859314,128
78.12607288360596,64
78.13733983039856,0
78.14859414100647,0
78.15984749794006,0
78.17110228538513,0
78.18235349655151,0
78.19360613822937,0
78.20486211776733,192
78.21624255180359,128
78.22738003730774,0
78.23850417137146,0
78.24962878227234,64
78.26074457168579,0
78.27186155319214,128
78.28298377990723,128
78.29410338401794,0
78.30522203445435,64
78.31645178794861,64
78.32773327827454,0
78.33899426460266,64
78.35031795501709,64
78.36158490180969,64
78.37283897399902,0
78.38408732414246,0
78.39533829689026,0
78.40659403800964,128
78.41797542572021,0
78.42911863327026,64
78.44029188156128,192
78.45141959190369,64
78.46253871917725,192
78.47365641593933,0
78.48478174209595,192
78.49590849876404,0
78.5070321559906,192
78.51826047897339,0
78.529550075531,0
78.54084992408752,128
78.55211019515991,0
78.5633635520935,0
78.5746259689331,64
78.58588433265686,64
78.59713697433472,0
78.60839223861694,128
78.61979222297668,0
78.63096928596497,0
78.64216184616089,128
78.65330100059509,0
78.66443085670471,192
78.6755678653717,64
78.68671035766602,64
78.69783735275269,0
78.70895290374756,0
78.72016763687134,128
78.7312924861908,128
78.74241375923157,0
78.75353264808655,128
78.76464915275574,0
78.77577114105225,128
78.78688979148865,192
78.79800629615784,0
78.80912780761719,192
78.82042622566223,128
78.83170676231384,0
78.84296703338623,0
78.85422420501709,0
78.86547899246216,64
78.87673020362854,0
78.88798713684082,64
78.89925193786621,64
78.91055417060852,0
78.92195057868958,128
78.9330997467041,64
78.9442412853241,0
78.95536637306213,0
78.96648359298706,0
78.97760534286499,0
78.98871922492981,128
78.99983716011047,128
79.01095128059387,0
79.02218723297119,192
79.0334677696228,128
79.04472732543945,64
79.05598139762878,0
79.06723070144653,0
79.07848405838013,0
79.08974099159241,64
79.10099363327026,64
79.11224913597107,64
79.12362885475159,64
79.1347770690918,0
79.14590215682983,0
79.15701913833618,0
79.16813683509827,192
79.17930889129639,128
79.19043040275574,64
79.20154762268066,0
79.21266674995422,128
79.2239191532135,64
79.23520517349243,0
79.24646782875061,0
79.25773453712463,128
79.2689917087555,0
79.28037214279175,0
79.29164576530457,64
79.30290341377258,0
79.31415438652039,0
79.32554697990417,0
79.33669257164001,0
79.34781575202942,0
79.35892987251282,0
79.37014174461365,64
79.3812689781189,128
79.39238858222961,0
79.40351152420044,128
79.41463208198547,128
79.42586970329285,0
79.43715596199036,0
79.44841814041138,0
79.45967745780945,0
79.47093749046326,0
79.48219776153564,64
79.49345755577087,128
79.50471377372742,0
79.5159661769867,128
79.52734613418579,64
79.5384910106659,0
79.54961943626404,0
79.5607373714447,128
79.57185697555542,64
79.58301091194153,0
79.59413814544678,0
79.60525822639465,128
79.61637759208679,64
79.62761998176575,192
79.63889932632446,0
79.6502296924591,64
79.6614933013916,0
79.67274713516235,64
79.68400192260742,192
79.69525837898254,0
79.70651602745056,0
79.71776390075684,0
79.7291419506073,0
79.74033093452454,128
79.751455783844,0
79.76256918907166,0
79.77368807792664,192
79.7848048210144,128
79.79592084884644,0
79.80703711509705,128
79.8181540966034,0
79.82948565483093,128
79.84078073501587,128
79.85204601287842,0
79.86330676078796,64
79.87455821037292,0
79.88580965995789,0
79.89706516265869,0
79.90832328796387,0
79.91957998275757,64
79.93096280097961,0
79.94211840629578,0
79.95323944091797,192
79.96435594558716,0
79.97546935081482,64
79.98658514022827,64
79.99769568443298,0
80.0088107585907,64
80.02004194259644,64
80.03129529953003,0
80.0425775051117,64
80.05384302139282,64
80.06509470939636,0
80.07634496688843,0
80.08759307861328,0
80.0988461971283,64
80.11014914512634,64
80.12140107154846,0
80.13278436660767,64
80.14393186569214,64
80.15505337715149,64
80.16617345809937,0
80.17729377746582,192
80.18841242790222,128
80.19953083992004,64
80.21064758300781,128
80.22176599502563,64
80.23299670219421,64
80.24427914619446,64
80.25553941726685,0
80.26679682731628,0
80.27804255485535,0
80.28929281234741,64
80.30054974555969,128
80.31180667877197,0
80.32306265830994,64
80.33444428443909,64
80.34559297561646,0
80.35672068595886,0
80.3678343296051,0
80.37894558906555,128
80.39012908935547,0
80.4012508392334,0
80.41236758232117,128
80.42350482940674,0
80.43474006652832,64
80.44601655006409,0
80.45727515220642,0
80.46852993965149,0
80.4797830581665,64
80.49104380607605,0
80.5022964477539,0
80.51354956626892,64
80.5248031616211,0
80.53618884086609,0
80.54732942581177,0
80.55845093727112,0
80.56957221031189,0
80.58069157600403,64
80.59180498123169,0
80.60292601585388,64
80.6140398979187,64
80.62517976760864,64
80.63641476631165,64
80.64769744873047,0
80.65895867347717,0
80.67028832435608,0
80.68155288696289,128
80.69280767440796,0
80.70406079292297,192
80.71532344818115,0
80.72657990455627,0
80.73796343803406,64
80.74910879135132,64
80.76027822494507,64
80.77140307426453,128
80.7825174331665,128
80.7936384677887,0
80.80475378036499,64
80.81587076187134,0
80.82698273658752,0
80.838210105896,0
80.84954857826233,64
80.86082530021667,64
80.87207865715027,64
80.88332724571228,0
80.89461994171143,128
80.90587568283081,128
80.91713118553162,0
80.928382396698,0
80.9397783279419,0
80.95092558860779,0
80.9620611667633,0
80.97318267822266,128
80.98430275917053,192
80.99541807174683,64
81.00653195381165,128
81.01765060424805,0
81.02880191802979,0
81.04010272026062,0
81.05139088630676,64
81.06265568733215,128
81.07391238212585,0
81.08516430854797,0
81.09641575813293,0
81.10766625404358,0
81.1189193725586,64
81.13021445274353,0
81.14159965515137,64
81.15274596214294,128
81.16386699676514,0
81.17498660087585,128
81.186105966568,0
81.19722104072571,128
81.20833468437195,0
81.21950435638428,64
81.23063373565674,64
81.24186611175537,64
81.25314021110535,0
81.26458811759949,0
81.27596116065979,0
81.28725385665894,0
81.29852271080017,128
81.309805393219,64
81.32106399536133,0
81.33232045173645,0
81.34371995925903,0
81.35486674308777,64
81.36598920822144,0
81.37710618972778,128
81.38822603225708,64
81.39934253692627,0
81.41053175926208,0
81.42165756225586,192
81.4327757358551,192
81.44401383399963,64
81.4552972316742,64
81.4665641784668,0
81.4778242111206,0
81.48908114433289,0
81.50038528442383,0
81.51164984703064,64
81.5229058265686,0
81.53416395187378,64
81.54556107521057,64
81.55670428276062,0
81.56782746315002,128
81.57894444465637,0
81.59012937545776,64
81.60125136375427,64
81.61237239837646,0
81.62351036071777,64
81.63472080230713,128
81.64598798751831,128
81.65728330612183,64
81.66859722137451,0
81.6798963546753,0
81.691171169281,64
81.70243191719055,0
81.71368551254272,64
81.72493886947632,0
81.73620104789734,64
81.74759864807129,128
81.7587423324585,0
81.76986575126648,0
81.78098702430725,128
81.7921051979065,0
81.80322027206421,0
81.81434607505798,192
81.82546949386597,64
81.83658576011658,128
81.84781217575073,0
81.85908842086792,64
81.87042188644409,128
81.88168048858643,128
81.89293622970581,0
81.90419507026672,0
81.91544342041016,0
81.92669630050659,64
81.93794846534729,64
81.94933533668518,64
81.96049618721008,0
81.97162222862244,64
81.98274350166321,0
81.99386382102966,0
82.00497841835022,0
82.01609253883362,0
82.02723860740662,0
82.03835701942444,128
82.04959487915039,128
82.06087803840637,64
82.0721480846405,0
82.08340501785278,64
82.09466576576233,0
82.10592579841614,0
82.11718130111694,0
82.12843489646912,0
82.13968825340271,0
82.15107607841492,64
82.16221690177917,64
82.17334127426147,64
82.18446373939514,192
82.19557762145996,0
82.20669150352478,0
82.21781086921692,0
82.22894167900085,0
82.2401807308197,64
82.25143384933472,0
82.26271796226501,0
82.27398037910461,64
82.28523278236389,0
82.29648661613464,64
82.30773758888245,0
82.31899189949036,64
82.33030652999878,64
82.3415687084198,0
82.35295104980469,64
82.36409020423889,0
82.37521648406982,128
82.38634061813354,64
82.3974540233612,0
82.40856838226318,0
82.41968750953674,64
82.43080234527588,0
82.44191336631775,0
82.45314764976501,64
82.46443367004395,0
82.47569584846497,0
82.48695182800293,64
82.49820828437805,128
82.50952482223511,0
82.52079367637634,64
82.5320496559143,64
82.54330801963806,64
82.55468916893005,64
82.56583714485168,64
82.57697319984436,0
82.5880982875824,64
82.5992181301117,64
82.61037111282349,0
82.62148857116699,0
82.63260436058044,0
82.64372038841248,0
82.65495133399963,128
82.66622805595398,128
82.67748522758484,128
82.68873429298401,64
82.70007991790771,0
82.7113983631134,0
82.72266578674316,64
82.73392152786255,64
82.74517226219177,64
82.75657200813293,64
82.76771783828735,0
82.77883911132812,192
82.79000163078308,0
82.80112290382385,64
82.81223773956299,128
82.82335162162781,0
82.8344874382019,64
82.84561109542847,0
82.8568422794342,128
82.8681161403656,0
82.87943243980408,0
82.8906991481781,128
82.90195393562317,0
82.91320610046387,64
82.92446422576904,0
82.93571662902832,64
82.94704627990723,0
82.95843386650085,0
82.9695897102356,0
82.98073554039001,128
82.99186182022095,0
83.0029866695404,128
83.01410150527954,128
83.025217294693,0
83.03632855415344,128
83.04761672019958,128
83.05885624885559,0
83.07019686698914,0
83.08146977424622,0
83.09273314476013,0
83.10400128364563,64
83.11526298522949,64
83.12652230262756,0
83.137779712677,64
83.14903140068054,64
83.16047620773315,64
83.17162823677063,192
83.18275475502014,0
83.19387006759644,0
83.20498561859131,64
83.21610713005066,64
83.2272219657898,0
83.23833584785461,128
83.24956583976746,128
83.26081585884094,0
83.27210760116577,0
83.28337073326111,64
83.29463028907776,64
83.30588340759277,64
83.31713700294495,128
83.32839393615723,128
83.33965110778809,0
83.35090684890747,0
83.36228609085083,0
83.37343573570251,128
83.38455581665039,64
83.39567589759827,64
83.40679574012756,0
83.4179139137268,0
83.42904543876648,0
83.44023418426514,0
83.4513623714447,64
83.46259808540344,64
83.47387671470642,0
83.48514223098755,128
83.49640011787415,128
83.50765752792358,0
83.51890969276428,0
83.5302186012268,0
83.54147982597351,64
83.55273056030273,0
83.5641131401062,0
83.57526326179504,128
83.58638858795166,0
83.59750366210938,0
83.60862708091736,0
83.61974859237671,128
83.63086557388306,0
83.64198350906372,0
83.65310072898865,128
83.66433453559875,64
83.67561602592468,64
83.68687748908997,0
83.6981315612793,0
83.7094464302063,64
83.72070956230164,128
83.73196506500244,64
83.74325394630432,64
83.7545166015625,0
83.76590394973755,64
83.77705478668213,0
83.78818941116333,0
83.79930448532104,0
83.81042313575745,192
83.82154273986816,64
83.83265733718872,0
83.8437716960907,0
83.85489130020142,0
83.86613202095032,0
83.8774106502533,128
83.88867115974426,64
83.89992666244507,0
83.91118025779724,0
83.92242670059204,0
83.93367528915405,0
83.94492983818054,64
83.95618200302124,128
83.96756052970886,0
83.97870254516602,0
83.98982977867126,0
84.00094032287598,0
84.01222252845764,128
84.02335596084595,0
84.03450226783752,0
84.04562854766846,0
84.0567467212677,0
84.0679874420166,0
84.07927083969116,64
84.09053373336792,64
84.10178899765015,0
84.11304450035095,0
84.12429594993591,64
84.13555073738098,0
84.14680099487305,0
84.15805459022522,64
84.16950058937073,0
84.18066215515137,64
84.19178628921509,0
84.2029037475586,0
84.214022397995,128
84.22514128684998,0
84.23625993728638,64
84.24737215042114,0
84.2584900856018,128
84.2697205543518,0
84.28100037574768,64
84.29225778579712,64
84.30351638793945,0
84.31476759910583,128
84.32602977752686,0
84.33727979660034,0
84.34853887557983,0
84.35979461669922,0
84.37118935585022,64
84.38234066963196,128
84.39346170425415,64
84.40457916259766,64
84.41569375991821,0
84.42681002616882,64
84.43792247772217,0
84.44903540611267,0
84.46021890640259,128
84.47145295143127,0
84.48273396492004,64
84.49399089813232,64
84.50525522232056,0
84.51650953292847,0
84.52776145935059,0
84.53900957107544,192
84.55031681060791,0
84.5615725517273,64
84.57295751571655,64
84.58410310745239,128
84.59522986412048,0
84.60635781288147,128
84.6174726486206,128
84.62861323356628,64
84.63973641395569,128
84.65086030960083,0
84.66197657585144,64
84.67320942878723,128
84.68449091911316,64
84.69575309753418,64
84.7070083618164,64
84.71825981140137,64
84.7295835018158,0
84.74084281921387,0
84.7520956993103,64
84.76334643363953,64
84.77472972869873,0
84.78597068786621,192
84.79713082313538,128
84.808260679245,64
84.81953072547913,64
84.8306884765625,64
84.84181809425354,128
84.85294103622437,192
84.86405420303345,0
84.87525701522827,64
84.88639378547668,128
84.89751100540161,0
84.90862512588501,0
84.91974020004272,128
84.93085598945618,128
84.94197225570679,192
84.95308470726013,128
84.96420192718506,0
84.97543501853943,0
84.98671698570251,128
84.99797677993774,0
85.00923204421997,128
85.02055859565735,0
85.03181982040405,0
85.04307699203491,0
85.05432891845703,64
85.06557965278625,64
85.07696390151978,128
85.0881142616272,64
85.09923553466797,0
85.11039018630981,192
85.12151288986206,128
85.1326265335083,0
85.1437463760376,0
85.15486407279968,64
85.16597962379456,128
85.17720818519592,128
85.18848943710327,0
85.19975280761719,64
85.2110071182251,64
85.22225666046143,0
85.23353266716003,0
85.24479341506958,128
85.25604915618896,128
85.26729798316956,0
85.27868413925171,64
85.28983569145203,64
85.3009626865387,64
85.31207871437073,0
85.32320022583008,0
85.33431816101074,0
85.34542727470398,0
85.3565444946289,64
85.36766600608826,128
85.37889242172241,64
85.39022612571716,64
85.40149807929993,0
85.41275310516357,128
85.42400765419006,64
85.43526244163513,0
85.44652247428894,64
85.45777225494385,64
85.46902370452881,0
85.4804630279541,0
85.49160695075989,0
85.50273752212524,64
85.5138566493988,0
85.5249764919281,128
85.53609228134155,64
85.54720640182495,128
85.55831456184387,0
85.56947541236877,64
85.58073496818542,128
85.59202146530151,64
85.60328221321106,0
85.6145372390747,0
85.62579107284546,0
85.63704085350037,0
85.64829015731812,0
85.65954947471619,0
85.67080092430115,64
85.68218326568604,64
85.69332647323608,0
85.70444798469543,64
85.71556282043457,0
85.72667789459229,0
85.7377998828888,192
85.74891233444214,0
85.76009178161621,128
85.77121686935425,0
85.78244638442993,64
85.7937183380127,0
85.80498027801514,64
85.81623339653015,0
85.82751893997192,0
85.8388078212738,0
85.85011887550354,0
85.86138010025024,64
85.87263607978821,64
85.88402891159058,64
85.89517712593079,128
85.90630626678467,128
85.91745924949646,128
85.92888522148132,64
85.94040966033936,0
85.95164251327515,0
85.96281552314758,0
85.97395992279053,64
85.98519659042358,0
85.99636673927307,0
86.00753712654114,0
86.01871180534363,64
86.02991342544556,128
86.04106831550598,0
86.05225396156311,64
86.06340599060059,64
86.07453536987305,64
86.08581447601318,192
86.09710693359375,64
86.10837531089783,0
86.11963534355164,0
86.13089370727539,0
86.14215731620789,64
86.15340971946716,0
86.16466856002808,0
86.17592573165894,64
86.1873185634613,64
86.19846224784851,64
86.20958399772644,0
86.2207498550415,128
86.23188710212708,0
86.2430055141449,0
86.25414395332336,0
86.26527118682861,128
86.27638483047485,0
86.28761792182922,0
86.29890131950378,0
86.31023597717285,64
86.3214921951294,0
86.33274602890015,128
86.3440089225769,64
86.35526371002197,0
86.3665223121643,64
86.37783622741699,0
86.38949847221375,128
86.40079045295715,64
86.41199493408203,64
86.42316365242004,64
86.43431377410889,64
86.4454574584961,128
86.45658493041992,128
86.46770858764648,192
86.47882843017578,64
86.49007630348206,128
86.50121355056763,128
86.51232957839966,0
86.52344274520874,0
86.53456258773804,0
86.54568839073181,0
86.55686116218567,64
86.56800079345703,64
86.57917499542236,64
86.59055948257446,0
86.60185861587524,64
86.61313390731812,64
86.62442755699158,0
86.63569831848145,0
86.6469554901123,0
86.65820717811584,0
86.66952204704285,0
86.68079400062561,0
86.69217777252197,128
86.70331716537476,0
86.71443438529968,0
86.72558093070984,0
86.73670387268066,0
86.74781513214111,0
86.75892782211304,0
86.77009177207947,64
86.7812032699585,192
86.79242825508118,128
86.80369520187378,64
86.81494355201721,64
86.82618379592896,0
86.83743023872375,64
86.84867572784424,64
86.85992240905762,64
86.87118577957153,128
86.88243770599365,64
86.89380526542664,0
86.90498995780945,0
86.91614413261414,64
86.92731404304504,64
86.93845558166504,64
86.9495735168457,64
86.96069836616516,0
86.97181034088135,128
86.98291850090027,128
86.99413990974426,128
87.00541186332703,0
87.01666235923767,64
87.02796173095703,64
87.03932452201843,64
87.05061078071594,64
87.0618646144867,0
87.07325601577759,64
87.0845148563385,0
87.09589838981628,0
87.10703372955322,0
87.11815237998962,192
87.1292634010315,0
87.14047074317932,64
87.15160036087036,0
87.16271090507507,0
87.17383217811584,64
87.18494176864624,0
87.19616889953613,64
87.2074327468872,0
87.21868014335632,64
87.2299177646637,0
87.24120926856995,0
87.25246930122375,128
87.26372003555298,0
87.27497553825378,0
87.28622508049011,64
87.29759287834167,0
87.30872678756714,0
87.31984353065491,0
87.33095955848694,0
87.34214282035828,0
87.35327816009521,64
87.36440467834473,0
87.37551379203796,0
87.38663101196289,64
87.39785742759705,64
87.40912556648254,128
87.42043781280518,64
87.43168473243713,64
87.44293689727783,64
87.45417857170105,64
87.465416431427,0
87.47666001319885,0
87.48790264129639,0
87.49928212165833,64
87.51042199134827,0
87.52154159545898,0
87.5326521396637,0
87.54376196861267,0
87.55487585067749,64
87.56599545478821,0
87.57710313796997,192
87.58821320533752,192
87.59946966171265,128
87.6107451915741,64
87.62199783325195,64
87.63329458236694,64
87.64455652236938,0
87.65580630302429,0
87.66704845428467,64
87.67829060554504,0
87.68953895568848,0
87.70091915130615,0
87.71205973625183,0
87.72320413589478,0
87.73431587219238,64
87.74542117118835,64
87.75661396980286,64
87.7677526473999,512
87.77887153625488,0
87.790030002594,0
87.8012752532959,192
87.81254625320435,64
87.82379722595215,0
87.83504033088684,0
87.84628653526306,64
87.85752511024475,0
87.86876511573792,0
87.88006281852722,64
87.89131259918213,0
87.90271782875061,128
87.91387009620667,64
87.92498850822449,128
87.93610167503357,0
87.94720768928528,0
87.95831322669983,0
87.96947503089905,192
87.98059320449829,0
87.99170541763306,64
88.00292491912842,64
88.01418948173523,64
88.0254635810852,0
88.03670954704285,0
88.0479564666748,0
88.05920219421387,0
88.07050275802612,64
88.08174967765808,0
88.09299349784851,0
88.10435938835144,0
88.11549615859985,0
88.12660908699036,0
88.13771748542786,64
88.14882826805115,0
88.15998578071594,0
88.17110419273376,0
88.1822144985199,128
88.19332122802734,64
88.20453643798828,0
88.21580719947815,0
88.22705721855164,0
88.23834729194641,128
88.24960684776306,0
88.26098918914795,64
88.27226209640503,64
88.28351664543152,64
88.29476237297058,0
88.30615186691284,0
88.3172869682312,0
88.32840585708618,128
88.3395299911499,64
88.35063433647156,0
88.36174201965332,128
88.3728563785553,128
88.38396620750427,128
88.39507579803467,128
88.40629649162292,64
88.41756796836853,64
88.42882037162781,0
88.4401228427887,64
88.4513738155365,0
88.46261620521545,64
88.4738621711731,128
88.48510241508484,0
88.49634408950806,64
88.50772738456726,0
88.51887011528015,64
88.53003716468811,128
88.54115462303162,0
88.55225777626038,0
88.56336402893066,128
88.57447075843811,64
88.58558177947998,0
88.59669327735901,0
88.60791373252869,192
88.61918592453003,0
88.6304988861084,64
88.64174747467041,64
88.65299534797668,0
88.66424298286438,64
88.67548537254333,0
88.68672466278076,0
88.69796442985535,0
88.70933032035828,0
88.72047352790833,0
88.73159146308899,128
88.74270153045654,128
88.75380778312683,64
88.76491236686707,0
88.77607083320618,64
88.78719186782837,64
88.79830622673035,64
88.80953621864319,0
88.82081294059753,0
88.83206105232239,0
88.84335494041443,0
88.85461091995239,0
88.86586236953735,64
88.87710785865784,64
88.888352394104,0
88.89959812164307,0
88.91098046302795,64
88.92211604118347,0
88.93323373794556,0
88.94436168670654,0
88.95547747612,64
88.96658849716187,0
88.97774696350098,128
88.9888699054718,0
89.0000319480896,0
89.01119565963745,0
89.0223217010498,64
89.03343534469604,64
89.04454302787781,128
89.0556526184082,64
89.06676268577576,0
89.07787704467773,192
89.08898448944092,64
89.10014295578003,0
89.11135768890381,0
89.12263083457947,0
89.1338837146759,64
89.14513087272644,0
89.15637183189392,64
89.1676139831543,0
89.1788558959961,64
89.1901547908783,64
89.2014000415802,0
89.21269178390503,0
89.22394227981567,64
89.23518061637878,128
89.24642014503479,64
89.25766229629517,0
89.26890707015991,64
89.28019785881042,0
89.29150295257568,64
89.3027651309967,0
89.3141405582428,0
89.32528686523438,0
89.3364040851593,0
89.34753489494324,64
89.35864758491516,0
89.36976051330566,128
89.3808741569519,0
89.39198088645935,0
89.40309000015259,128
89.41430854797363,0
89.42557406425476,64
89.43686413764954,0
89.44812083244324,64
89.45942234992981,0
89.47067332267761,64
89.48191404342651,64
89.49321866035461,256
89.50449323654175,0
89.51587843894958,0
89.52702593803406,0
89.53814959526062,0
89.54926180839539,0
89.5604133605957,0
89.5715274810791,0
89.58263754844666,64
89.59374475479126,0
89.60485005378723,0
89.61607503890991,0
89.62734484672546,0
89.63858914375305,0
89.64983367919922,64
89.66107368469238,0
89.67232537269592,0
89.68356442451477,64
89.69481229782104,0
89.70605659484863,64
89.71742367744446,0
89.72855997085571,64
89.73967671394348,64
89.75079154968262,0
89.76189923286438,0
89.7730085849762,64
89.78411960601807,128
89.79522657394409,0
89.80633044242859,128
89.81754207611084,128
89.8288106918335,0
89.84011197090149,0
89.85136556625366,64
89.86261105537415,0
89.87385702133179,64
89.88510036468506,0
89.89634466171265,64
89.90759062767029,64
89.91895914077759,0
89.93014812469482,0
89.94126725196838,0
89.95237350463867,0
89.96347880363464,0
89.97544860839844,0
89.98982048034668,64
90.00113773345947,0
90.0210325717926,64
90.032541513443,64
90.043692111969,128
90.05478811264038,64
90.06582188606262,192
90.07687425613403,64
90.08789587020874,0
90.09890699386597,0
90.10996150970459,64
90.12109875679016,0
90.13224220275879,128
90.14336490631104,0
90.15448522567749,64
90.16560435295105,64
90.1767225265503,64
90.18784260749817,192
90.1989598274231,192
90.21014785766602,0
90.22138452529907,0
90.23267102241516,0
90.24393844604492,0
90.2551953792572,0
90.26644659042358,0
90.27769994735718,0
90.28895568847656,64
90.3002576828003,0
90.31151294708252,0
90.32290816307068,0
90.33406043052673,0
90.34518837928772,0
90.35630702972412,192
90.36742854118347,64
90.37854409217834,64
90.38966131210327,0
90.40077900886536,128
90.4118926525116,128
90.4231185913086,192
90.43440556526184,0
90.44567394256592,0
90.45692849159241,0
90.46818614006042,64
90.4795093536377,64
90.4907796382904,0
90.50204825401306,64
90.51330924034119,64
90.52469992637634,64
90.53584170341492,64
90.54696989059448,64
90.55809020996094,64
90.56923937797546,64
90.58040761947632,192
90.59153246879578,0
90.60265469551086,192
90.61376857757568,128
90.62500715255737,0
90.63632440567017,128
90.6475932598114,0
90.65884518623352,0
90.67017269134521,0
90.68144035339355,0
90.69269347190857,0
90.70394706726074,0
90.71519637107849,0
90.7265887260437,64
90.73773717880249,64
90.7488625049591,64
90.7600257396698,128
90.77115392684937,64
90.78227186203003,64
90.79338908195496,64
90.80450630187988,128
90.81569600105286,64
90.82696104049683,128
90.8382511138916,64
90.8496036529541,0
90.86089038848877,64
90.87215209007263,0
90.88340544700623,0
90.89466094970703,64
90.90591502189636,64
90.91716694831848,64
90.92855453491211,0
90.93970108032227,64
90.95082974433899,0
90.9619472026825,0
90.97306251525879,0
90.98417735099792,0
90.99529123306274,64
91.00640916824341,128
91.01752543449402,64
91.02879023551941,0
91.04014277458191,0
91.05141496658325,0
91.0626711845398,0
91.07392621040344,128
91.08518624305725,64
91.09644818305969,0
91.10770654678345,64
91.11896133422852,64
91.1303985118866,64
91.14154863357544,0
91.15267586708069,128
91.16378974914551,0
91.17490553855896,128
91.1860249042511,192
91.19714164733887,64
91.20825362205505,0
91.21942806243896,128
91.23067140579224,64
91.24198508262634,0
91.25325226783752,128
91.26450514793396,64
91.27575850486755,64
91.28701424598694,0
91.2982668876648,0
91.30956172943115,0
91.32082295417786,0
91.33221173286438,0
91.34335827827454,0
91.35448431968689,0
91.36559867858887,0
91.3767147064209,0
91.38783574104309,0
91.3989486694336,64
91.41013073921204,128
91.4212760925293,64
91.43250894546509,0
91.44378900527954,64
91.45505356788635,0
91.46631836891174,64
91.47756886482239,64
91.48881983757019,0
91.5001266002655,0
91.51139187812805,0
91.52264380455017,0
91.53402948379517,64
91.54517841339111,128
91.55630278587341,0
91.56741523742676,0
91.57853388786316,0
91.58965063095093,0
91.60077261924744,0
91.61189126968384,64
91.62300658226013,64
91.63423681259155,64
91.64551520347595,0
91.65677857398987,64
91.66807079315186,64
91.67933130264282,128
91.690598487854,0
91.7018518447876,0
91.71310901641846,128
91.72436308860779,64
91.73575067520142,64
91.74689793586731,0
91.75802540779114,0
91.76914715766907,64
91.78030681610107,64
91.79142808914185,0
91.80255055427551,192
91.81366991996765,64
91.824786901474,0
91.83601546287537,0
91.84732723236084,128
91.85859489440918,0
91.86985445022583,64
91.88110375404358,0
91.89235281944275,0
91.9036021232605,64
91.91485667228699,0
91.92610907554626,64
91.93748712539673,0
91.94863176345825,64
91.95975923538208,64
91.970876455307,0
91.98199701309204,128
91.9931161403656,128
92.00423216819763,128
92.01549220085144,128
92.02662515640259,0
92.03786253929138,192
92.04913592338562,64
92.06050658226013,64
92.07179284095764,64
92.08305239677429,64
92.09430599212646,128
92.10556101799011,0
92.11681866645813,0
92.12807035446167,0
92.1395013332367,0
92.15067434310913,0
92.16180920600891,128
92.172931432724,128
92.18405246734619,128
92.19517040252686,0
92.20628333091736,128
92.21739602088928,128
92.22851157188416,64
92.23975133895874,64
92.25103187561035,128
92.26229166984558,0
92.27354955673218,0
92.28480315208435,64
92.29605841636658,64
92.30731081962585,0
92.31856918334961,0
92.32983064651489,0
92.34121322631836,64
92.3523600101471,0
92.3634819984436,0
92.37460064888,0
92.38571786880493,128
92.39683151245117,128
92.40793824195862,0
92.41904997825623,128
92.4302327632904,64
92.44150018692017,64
92.45278692245483,0
92.46405363082886,0
92.47531318664551,64
92.48656845092773,0
92.49782252311707,64
92.50907492637634,64
92.52038216590881,0
92.53163957595825,0
92.54301714897156,0
92.55415940284729,64
92.5652904510498,128
92.57641172409058,0
92.58753228187561,0
92.59864830970764,0
92.60976481437683,64
92.62088775634766,64
92.63200521469116,0
92.6432409286499,0
92.65452599525452,0
92.66579389572144,0
92.67704916000366,128
92.68830347061157,0
92.69956350326538,0
92.7108142375946,128
92.72206974029541,128
92.73332786560059,0
92.74471473693848,0
92.75585579872131,0
92.76698088645935,64
92.77810168266296,0
92.78921675682068,0
92.80040168762207,64
92.81152606010437,0
92.8226490020752,128
92.8337664604187,128
92.84500050544739,128
92.85628080368042,0
92.86754107475281,0
92.87879085540771,0
92.89009594917297,64
92.90135216712952,0
92.91260361671448,64
92.92385625839233,64
92.9351065158844,64
92.94649124145508,64
92.95765805244446,128
92.96878862380981,64
92.97991514205933,128
92.99105906486511,0
93.00219011306763,64
93.0133101940155,0
93.02443027496338,128
93.03555083274841,128
93.04681921005249,0
93.05813765525818,64
93.06945443153381,0
93.080735206604,192
93.09199571609497,64
93.1032817363739,64
93.11454272270203,0
93.12579655647278,0
93.1370542049408,128
93.14843893051147,64
93.15958762168884,64
93.17071318626404,128
93.18183279037476,0
93.19295191764832,64
93.20407009124756,0
93.21518778800964,0
93.22630572319031,0
93.23743057250977,64
93.2489242553711,128
93.26032900810242,0
93.27162003517151,0
93.28287863731384,0
93.29413414001465,64
93.30539345741272,0
93.316654920578,64
93.32791829109192,64
93.33917474746704,64
93.35067796707153,0
93.361825466156,128
93.37295413017273,0
93.38407349586487,64
93.39519476890564,0
93.4063184261322,128
93.4174861907959,0
93.42860865592957,128
93.43972992897034,128
93.45096135139465,0
93.46223020553589,0
93.47349309921265,64
93.4847469329834,64
93.49602055549622,64
93.50733256340027,64
93.51862049102783,0
93.52990126609802,0
93.54117822647095,64
93.55257678031921,64
93.5637423992157,0
93.57488679885864,0
93.58602809906006,64
93.59717178344727,64
93.60831069946289,128
93.61949396133423,128
93.6306369304657,128
93.64182758331299,128
93.65303039550781,0
93.66417026519775,64
93.67531156539917,128
93.68645405769348,64
93.697594165802,0
93.70873236656189,0
93.71987318992615,0
93.73100924491882,0
93.74214744567871,0
93.75339937210083,0
93.76469492912292,0
93.77598190307617,0
93.78726124763489,64
93.79853963851929,64
93.80981516838074,64
93.82109212875366,128
93.83236718177795,0
93.84365034103394,64
93.85505723953247,128
93.86622023582458,0
93.87736248970032,0
93.88853597640991,64
93.89973902702332,128
93.91090750694275,128
93.92206168174744,0
93.93320965766907,128
93.9443519115448,64
93.95554304122925,0
93.9666838645935,0
93.9778254032135,0
93.98896145820618,0
94.00014519691467,0
94.01128602027893,0
94.02243876457214,64
94.03357791900635,64
94.04471564292908,0
94.0559675693512,0
94.0672652721405,0
94.0785448551178,0
94.08981895446777,0
94.10109901428223,0
94.1123788356781,128
94.1236515045166,0
94.1349265575409,64
94.14623522758484,0
94.15764689445496,64
94.1688117980957,64
94.17999935150146,0
94.19114518165588,0
94.20228862762451,128
94.21342468261719,64
94.22456169128418,128
94.23569893836975,0
94.24688291549683,0
94.25808668136597,0
94.26922821998596,0
94.2804126739502,0
94.29156017303467,64
94.30270266532898,64
94.31383919715881,128
94.32497549057007,128
94.33611273765564,0
94.34725189208984,0
94.35850095748901,0
94.36980104446411,0
94.38108468055725,0
94.39236330986023,128
94.40364170074463,128
94.41491937637329,0
94.42619490623474,0
94.4374692440033,64
94.44874429702759,0
94.4601902961731,0
94.47135853767395,128
94.48250579833984,64
94.49364757537842,128
94.50479125976562,0
94.51593255996704,0
94.52707576751709,128
94.53821611404419,0
94.54935717582703,0
94.56058621406555,192
94.57173228263855,0
94.5828766822815,128
94.59402060508728,0
94.60515785217285,0
94.61630773544312,128
94.62744998931885,128
94.63858532905579,0
94.64972472190857,0
94.660973072052,0
94.67227578163147,128
94.68356013298035,128
94.69483542442322,64
94.70611119270325,0
94.71738815307617,0
94.72866535186768,0
94.73993873596191,64
94.7512149810791,0
94.76261639595032,128
94.77377796173096,0
94.7849190235138,64
94.79606580734253,192
94.80720281600952,0
94.81833815574646,0
94.8295168876648,0
94.84087014198303,64
94.8520278930664,64
94.86322093009949,128
94.87437081336975,192
94.88551735877991,192
94.89666199684143,128
94.9077980518341,128
94.91894125938416,64
94.93012690544128,0
94.9412751197815,128
94.95241689682007,0
94.96366930007935,64
94.97496914863586,64
94.98625349998474,64
94.99754023551941,0
95.00881791114807,0
95.02020406723022,0
95.03149271011353,128
95.0427770614624,64
95.0540566444397,0
95.06545901298523,64
95.07662177085876,0
95.08776760101318,0
95.09890699386597,0
95.11008667945862,64
95.12156414985657,64
95.13282895088196,128
95.14402151107788,64
95.15518140792847,64
95.16639232635498,0
95.17753887176514,0
95.18869614601135,0
95.19984459877014,0
95.21099472045898,128
95.22216057777405,192
95.23330760002136,128
95.2444441318512,64
95.25558257102966,0
95.26683402061462,0
95.27813768386841,64
95.28947734832764,0
95.30076575279236,0
95.31204462051392,0
95.32332158088684,0
95.33459305763245,0
95.34586882591248,128
95.35714149475098,64
95.36854028701782,64
95.37970066070557,0
95.39083886146545,0
95.40197682380676,0
95.4131121635437,0
95.42425107955933,64
95.43538641929626,0
95.44656610488892,0
95.45771622657776,64
95.46890926361084,64
95.48010087013245,0
95.49124574661255,128
95.5023820400238,128
95.51353406906128,64
95.52467679977417,0
95.53582072257996,192
95.54696035385132,0
95.5580952167511,0
95.5693461894989,0
95.58069729804993,0
95.59198904037476,0
95.60327434539795,64
95.61455392837524,0
95.62582874298096,128
95.63710641860962,64
95.64838886260986,64
95.659672498703,64
95.67106556892395,0
95.68222832679749,0
95.69337344169617,0
95.70451474189758,192
95.71565508842468,192
95.72679853439331,64
95.73794078826904,64
95.74908471107483,192
95.76026797294617,0
95.77151703834534,0
95.78281307220459,0
95.79409742355347,0
95.80537676811218,64
95.81665277481079,0
95.82792735099792,0
95.83919978141785,64
95.85052299499512,64
95.86179971694946,64
95.87319922447205,0
95.88436126708984,0
95.89551782608032,64
95.90665864944458,0
95.91780114173889,128
95.92893862724304,0
95.94012403488159,0
95.95136833190918,0
95.96253705024719,128
95.97374224662781,0
95.98489618301392,0
95.99603796005249,192
96.0071747303009,128
96.0183355808258,0
96.02951455116272,0
96.04065442085266,0
96.05184602737427,0
96.06299424171448,0
96.07426619529724,64
96.08556842803955,0
96.09685325622559,64
96.10812759399414,0
96.1194543838501,0
96.13073253631592,64
96.14200568199158,64
96.15328764915466,0
96.16456174850464,0
96.17595887184143,0
96.18711876869202,64
96.19825959205627,64
96.20944094657898,0
96.22062683105469,0
96.23178195953369,0
96.24292731285095,0
96.25406646728516,0
96.26523780822754,128
96.2764344215393,64
96.28757452964783,0
96.29871225357056,0
96.30985260009766,192
96.32099652290344,0
96.33214163780212,64
96.34328389167786,0
96.3544294834137,64
96.365567445755,192
96.37682032585144,0
96.38811588287354,0
96.3994550704956,0
96.41073560714722,0
96.42201352119446,0
96.43328619003296,0
96.4445583820343,64
96.4558322429657,0
96.46710515022278,0
96.47849798202515,0
96.48966693878174,128
96.50080728530884,0
96.51195764541626,64
96.52309656143188,64
96.53423428535461,0
96.54536867141724,0
96.55651021003723,0
96.56764626502991,0
96.57890129089355,0
96.59025359153748,0
96.60154342651367,64
96.61281967163086,0
96.62409377098083,64
96.63537192344666,0
96.6466965675354,0
96.6579794883728,0
96.66925859451294,64
96.68066811561584,64
96.69186401367188,0
96.7030131816864,0
96.71415638923645,0
96.72529816627502,0
96.73643708229065,128
96.74758052825928,64
96.7587218284607,64
96.76986002922058,0
96.78110671043396,128
96.79240703582764,64
96.80369019508362,0
96.81496858596802,64
96.82624864578247,64
96.83752655982971,0
96.84880304336548,0
96.86012887954712,64
96.87141013145447,64
96.8828055858612,0
96.89397048950195,64
96.90511345863342,0
96.9162528514862,128
96.92739248275757,0
96.93859148025513,0
96.94975543022156,0
96.96091175079346,128
96.97206115722656,64
96.98325562477112,128
96.99439644813538,0
97.0055320262909,64
97.01666712760925,0
97.02780723571777,0
97.03894686698914,128
97.05012345314026,128
97.0612621307373,0
97.0725269317627,0
97.0837950706482,64
97.09510016441345,64
97.10638856887817,0
97.11766839027405,0
97.12894892692566,64
97.14027881622314,0
97.15155792236328,64
97.16283249855042,0
97.1741087436676,0
97.18551087379456,0
97.19667196273804,128
97.2078218460083,64
97.21896266937256,64
97.23014807701111,64
97.24128890037537,0
97.25249719619751,64
97.26372194290161,128
97.27489233016968,64
97.28608679771423,128
97.29722809791565,0
97.3083701133728,0
97.31954574584961,64
97.33069586753845,0
97.3418378829956,64
97.35298013687134,64
97.3641197681427,128
97.3752589225769,64
97.38651585578918,0
97.39781141281128,0
97.409099817276,64
97.42043256759644,64
97.43171787261963,0
97.44299840927124,64
97.4542806148529,0
97.46555876731873,128
97.47683644294739,128
97.4882345199585,64
97.49943971633911,0
97.51060318946838,192
97.52174687385559,64
97.53289937973022,64
97.5440399646759,0
97.55518054962158,128
97.56631684303284,0
97.5774610042572,64
97.58865237236023,0
97.5997965335846,192
97.61093974113464,0
97.62207984924316,0
97.633220911026,64
97.64436173439026,64
97.65550565719604,0
97.66665625572205,64
97.67779970169067,128
97.68905901908875,64
97.70040988922119,128
97.7116973400116,64
97.72298121452332,0
97.73426008224487,128
97.7455382347107,0
97.75681948661804,64
97.76809048652649,0
97.77940845489502,64
97.79081296920776,64
97.80197715759277,0
97.81312036514282,0
97.82426190376282,64
97.83539819717407,0
97.84658741950989,0
97.85774207115173,64
97.86888813972473,64
97.88007307052612,128
97.89126539230347,64
97.90240478515625,64
97.91354608535767,128
97.92468452453613,64
97.93582725524902,0
97.94696974754333,192
97.9581048488617,0
97.96924090385437,0
97.98041439056396,64
97.99166512489319,64
98.00296211242676,64
98.01425099372864,0
98.02553176879883,0
98.03680634498596,0
98.04808187484741,64
98.05941319465637,64
98.0706934928894,0
98.08197164535522,0
98.0933747291565,0
98.10453224182129,0
98.11567807197571,64
98.12681770324707,64
98.13796043395996,0
98.14909934997559,64
98.16027736663818,0
98.17141819000244,0
98.18255496025085,0
98.19379591941833,64
98.20509600639343,64
98.21638131141663,0
98.22765922546387,64
98.2389326095581,0
98.25026631355286,0
98.26154732704163,128
98.27283763885498,0
98.28412628173828,128
98.2955231666565,0
98.30672121047974,0
98.31787729263306,64
98.32901692390442,0
98.34020066261292,128
98.35134148597717,128
98.36247825622559,0
98.37361931800842,64
98.38476157188416,0
98.39601302146912,0
98.40730905532837,64
98.41858911514282,0
98.42986583709717,0
98.44113850593567,0
98.45247173309326,0
98.46376252174377,64
98.4750428199768,0
98.48631763458252,64
98.49772000312805,0
98.50888895988464,0
98.52008366584778,0
98.53122901916504,192
98.5423731803894,128
98.55351376533508,0
98.56465458869934,0
98.57579064369202,128
98.58693075180054,0
98.59812235832214,0
98.60926294326782,0
98.62043595314026,0
98.63158369064331,0
98.64272332191467,64
98.65386438369751,0
98.66500353813171,0
98.67614483833313,64
98.68728470802307,128
98.6985330581665,0
98.70983099937439,0
98.72112274169922,64
98.73240041732788,128
98.74367618560791,64
98.7549524307251,0
98.76622986793518,64
98.77751040458679,64
98.78878879547119,0
98.8002462387085,704
98.81140875816345,0
98.8225564956665,0
98.83369994163513,64
98.84483766555786,128
98.8559787273407,64
98.86711502075195,0
98.87826156616211,64
98.8894419670105,0
98.90069651603699,0
98.91199922561646,64
98.92328763008118,64
98.93456649780273,0
98.9458441734314,0
98.95712089538574,64
98.96840238571167,0
98.97968101501465,0
98.99096083641052,64
99.00235605239868,64
99.01351761817932,64
99.0246651172638,64
99.035804271698,64
99.04698991775513,64
99.05813956260681,0
99.06928253173828,64
99.08043313026428,128
99.0915732383728,128
99.1027934551239,0
99.11393690109253,64
99.12507200241089,0
99.13621520996094,64
99.1473605632782,64
99.15849900245667,0
99.16963720321655,0
99.18076992034912,0
99.19190692901611,64
99.20315480232239,0
99.21445107460022,0
99.22573924064636,64
99.23702049255371,64
99.24829697608948,0
99.25958037376404,64
99.27085518836975,0
99.28212785720825,0
99.29341077804565,64
99.30480647087097,0
99.31596350669861,0
99.32710456848145,0
99.33824443817139,0
99.34948301315308,64
99.36063694953918,0
99.37178087234497,128
99.38291931152344,0
99.39406371116638,64
99.40531849861145,0
99.41660761833191,0
99.4278917312622,64
99.43917036056519,0
99.45049095153809,64
99.4617691040039,0
99.47304439544678,64
99.4843225479126,0
99.49559569358826,0
99.50699377059937,0
99.51817059516907,64
99.5293197631836,64
99.54046201705933,0
99.55159759521484,0
99.56273913383484,128
99.57387733459473,64
99.58501744270325,64
99.59615516662598,0
99.60739946365356,128
99.61869692802429,64
99.62997484207153,0
99.6412525177002,128
99.65258431434631,64
99.66387796401978,0
99.67515993118286,0
99.68643450737,64
99.69771003723145,64
99.70911264419556,0
99.72031664848328,128
99.7314658164978,128
99.74261379241943,128
99.75374937057495,0
99.764888048172,0
99.77602434158325,128
99.78716683387756,0
99.79830479621887,0
99.80955767631531,0
99.82085418701172,64
99.83214139938354,0
99.84341669082642,0
99.85469245910645,0
99.86596488952637,0
99.8772406578064,0
99.88851070404053,0
99.8997859954834,0
99.91119194030762,0
99.92235398292542,128
99.93349742889404,0
99.94463872909546,64
99.9557774066925,64
99.96691179275513,64
99.97804999351501,0
99.9891848564148,128
100.00050806999207,64
100.01172280311584,128
100.02289891242981,128
100.03405594825745,0
100.0452024936676,192
100.05633878707886,0
100.06747937202454,64
100.07862186431885,0
100.089763879776,128
100.10089945793152,0
100.1121563911438,0
100.12344908714294,0
100.13472723960876,0
100.14600491523743,0
100.15728306770325,0
100.16855955123901,64
100.17983675003052,64
100.19110870361328,64
100.20238375663757,64
100.21378588676453,128
100.22494411468506,0
100.23609042167664,128
100.24744534492493,192
100.25859427452087,128
100.26973581314087,0
100.28087306022644,128
100.29200983047485,0
100.303147315979,128
100.31434464454651,128
100.3254804611206,128
100.3366186618805,64
100.34775924682617,128
100.35889554023743,0
100.37007927894592,64
100.38125133514404,0
100.39240217208862,192
100.40354013442993,0
100.41480278968811,64
100.42611050605774,0
100.43739795684814,64
100.44867372512817,0
100.45994687080383,0
100.47121977806091,0
100.48249387741089,64
100.49376726150513,0
100.50504779815674,64
100.51646161079407,64
100.52763247489929,0
100.53877925872803,64
100.54991960525513,64
100.56106162071228,0
100.57220339775085,128
100.58334350585938,64
100.59448313713074,128
100.60561871528625,128
100.61687278747559,192
100.628173828125,64
100.63949871063232,0
100.65078043937683,0
100.6620569229126,64
100.67333745956421,0
100.68461775779724,0
100.69589400291443,64
100.70716762542725,0
100.71857213973999,64
100.72973442077637,64
100.74087905883789,0
100.7520170211792,0
100.76315402984619,0
100.77428770065308,0
100.7854254245758,64