maybe some drinking at the start. But missed it.
Mon Nov 13 17:30:31 2023
Buffer length: 140
Recording length: 2073
100
#
0.0015821456909179688,512
0.012523651123046875,128
0.023253679275512695,64
0.03393840789794922,64
0.044625282287597656,0
0.05529379844665527,0
0.06595778465270996,0
0.07662320137023926,64
0.08728599548339844,0
0.09795188903808594,128
0.10861778259277344,128
0.11928248405456543,0
0.1299421787261963,0
0.14062166213989258,64
0.15130257606506348,64
0.16196775436401367,0
0.17263054847717285,64
0.18329405784606934,0
0.1939563751220703,0
0.20467019081115723,64
0.21535658836364746,0
0.22603487968444824,64
0.23670601844787598,64
0.24736738204956055,0
0.2580299377441406,64
0.269655704498291,64
0.2804431915283203,0
0.2911255359649658,0
0.3017902374267578,64
0.3124532699584961,0
0.3231165409088135,0
0.33377528190612793,128
0.34447813034057617,0
0.3551449775695801,0
0.36580657958984375,64
0.3764641284942627,64
0.3871791362762451,0
0.3978607654571533,128
0.40853118896484375,0
0.41919875144958496,0
0.42986536026000977,0
0.440532922744751,64
0.45119500160217285,0
0.4618568420410156,64
0.47251439094543457,128
0.48318004608154297,0
0.49383997917175293,0
0.5045359134674072,64
0.5151982307434082,0
0.5258564949035645,0
0.5365142822265625,0
0.5471725463867188,0
0.5578305721282959,0
0.5686051845550537,0
0.579634428024292,64
0.5906431674957275,0
0.6016664505004883,64
0.6126737594604492,0
0.623680591583252,192
0.6347341537475586,0
0.6457433700561523,0
0.65675950050354,192
0.6677675247192383,0
0.6788806915283203,0
0.6901540756225586,64
0.701408863067627,0
0.712655782699585,0
0.7239015102386475,0
0.7351570129394531,64
0.746406078338623,0
0.757652997970581,128
0.7689018249511719,0
0.7802774906158447,0
0.7914161682128906,0
0.8025548458099365,0
0.8136727809906006,128
0.8248562812805176,64
0.8360273838043213,0
0.8471465110778809,0
0.8582584857940674,0
0.8693661689758301,0
0.8805899620056152,0
0.8918592929840088,0
0.903109073638916,0
0.914360761642456,0
0.925605297088623,64
0.9368479251861572,0
0.9480867385864258,0
0.959326982498169,0
0.9705708026885986,0
0.9819395542144775,64
0.9930856227874756,0
1.0042088031768799,0
1.0153234004974365,128
1.0264346599578857,64
1.0375492572784424,64
1.0486624240875244,0
1.0597774982452393,64
1.0708880424499512,64
1.082101583480835,128
1.093369722366333,0
1.1046741008758545,64
1.1159296035766602,128
1.1271841526031494,64
1.1384334564208984,64
1.1496801376342773,0
1.1609294414520264,64
1.1721820831298828,0
1.1837615966796875,64
1.1949992179870605,128
1.2061426639556885,0
1.2172601222991943,128
1.228374719619751,128
1.2394888401031494,0
1.2506141662597656,64
1.2617640495300293,192
1.2728886604309082,128
1.2841506004333496,0
1.295422077178955,0
1.3066725730895996,0
1.317920207977295,64
1.3291687965393066,0
1.3404130935668945,0
1.3516972064971924,64
1.36295747756958,64
1.3742115497589111,0
1.3855955600738525,0
1.396728515625,0
1.407872200012207,0
1.4189810752868652,0
1.4301073551177979,0
1.4412457942962646,64
1.4523611068725586,0
1.4634711742401123,64
1.474632978439331,128
1.4859216213226318,192
1.497281551361084,64
1.5086085796356201,64
1.5199306011199951,0
1.5312840938568115,64
1.54296875,64
1.5543255805969238,64
1.5655956268310547,64
1.5768611431121826,64
1.5882525444030762,0
1.5993990898132324,128
1.6105232238769531,64
1.6216511726379395,0
1.6327664852142334,64
1.6438813209533691,128
1.6549949645996094,0
1.6661155223846436,128
1.677241325378418,128
1.688476800918579,64
1.6997478008270264,0
1.7110145092010498,0
1.7222723960876465,0
1.733520746231079,0
1.7448391914367676,64
1.7560977935791016,0
1.767348051071167,64
1.7785935401916504,64
1.7899696826934814,0
1.8011093139648438,0
1.8122272491455078,128
1.8233370780944824,0
1.834446907043457,64
1.8455615043640137,0
1.8566763401031494,0
1.8677852153778076,192
1.8788995742797852,0
1.8901185989379883,0
1.9014132022857666,64
1.9131710529327393,0
1.9245374202728271,64
1.936100959777832,128
1.9474308490753174,0
1.9587013721466064,64
1.96995210647583,0
1.9811930656433105,0
1.992661476135254,64
2.0038371086120605,64
2.0150365829467773,0
2.0261571407318115,0
2.0372769832611084,128
2.0483875274658203,0
2.0594944953918457,0
2.0706071853637695,64
2.081721067428589,0
2.0929477214813232,64
2.1042253971099854,0
2.115492582321167,0
2.1267447471618652,64
2.1379964351654053,64
2.1492488384246826,0
2.16050124168396,192
2.1717474460601807,64
2.182995080947876,128
2.1943910121917725,0
2.205536365509033,64
2.216670274734497,0
2.2277920246124268,128
2.238910675048828,64
2.250023603439331,0
2.2611372470855713,0
2.272326707839966,64
2.2834596633911133,64
2.2948036193847656,0
2.3060853481292725,64
2.317343235015869,0
2.328589916229248,64
2.339836597442627,0
2.3510875701904297,64
2.3623359203338623,0
2.373579263687134,64
2.384871006011963,0
2.3962533473968506,64
2.407383918762207,0
2.41850209236145,64
2.4296157360076904,64
2.4407267570495605,0
2.4518320560455322,128
2.4629392623901367,0
2.474093198776245,64
2.485212564468384,0
2.49643611907959,128
2.507708787918091,0
2.51896071434021,0
2.530210494995117,64
2.5414583683013916,128
2.5527045726776123,0
2.563948392868042,0
2.575198173522949,0
2.58644437789917,64
2.5978379249572754,0
2.6090118885040283,0
2.620138645172119,0
2.6312546730041504,0
2.6423723697662354,0
2.6534838676452637,0
2.664677143096924,0
2.675806999206543,128
2.6869211196899414,0
2.6981565952301025,64
2.7094361782073975,0
2.7206969261169434,64
2.7319467067718506,0
2.7431883811950684,0
2.7544381618499756,64
2.7656850814819336,64
2.7769296169281006,64
2.7881810665130615,64
2.799555540084839,0
2.810692548751831,128
2.8218061923980713,128
2.8329174518585205,192
2.844069480895996,64
2.8551928997039795,64
2.8663034439086914,192
2.877413272857666,128
2.8885257244110107,192
2.8997490406036377,128
2.9110169410705566,64
2.922273874282837,0
2.9335243701934814,64
2.9448132514953613,0
2.9560694694519043,128
2.967319965362549,0
2.9785637855529785,0
2.989805221557617,0
3.001199245452881,64
3.012343168258667,64
3.0234644412994385,128
3.0346310138702393,0
3.0457539558410645,64
3.056865930557251,64
3.0679757595062256,0
3.079087495803833,0
3.090200901031494,128
3.1014246940612793,64
3.112694501876831,64
3.1239516735076904,64
3.135247230529785,64
3.146496534347534,64
3.157742500305176,64
3.168992280960083,0
3.1802377700805664,0
3.191484212875366,0
3.202772617340088,0
3.213923931121826,0
3.225050210952759,0
3.2361581325531006,192
3.2472686767578125,0
3.2583959102630615,0
3.269512176513672,0
3.280622720718384,0
3.2918031215667725,0
3.303056240081787,64
3.3143343925476074,64
3.3255929946899414,0
3.33683705329895,64
3.348090171813965,64
3.359339952468872,64
3.3705852031707764,0
3.381828784942627,0
3.393073320388794,64
3.4044411182403564,64
3.4155752658843994,0
3.426694393157959,128
3.437805652618408,0
3.4489996433258057,0
3.4601340293884277,64
3.4712605476379395,0
3.4823856353759766,0
3.493502140045166,0
3.5047879219055176,64
3.5160579681396484,0
3.5273184776306152,64
3.5385656356811523,0
3.5498108863830566,64
3.561061382293701,0
3.5723109245300293,64
3.5835578441619873,64
3.594853401184082,0
3.6062369346618652,0
3.6173758506774902,128
3.628495693206787,0
3.639605760574341,0
3.650722026824951,0
3.661827325820923,0
3.672940254211426,64
3.6840951442718506,192
3.69521427154541,64
3.7064318656921387,0
3.7177064418792725,64
3.728963851928711,192
3.7402169704437256,0
3.751464605331421,192
3.7627110481262207,0
3.773955821990967,0
3.785245895385742,0
3.796491861343384,64
3.8079638481140137,64
3.8191206455230713,192
3.830242872238159,0
3.8413569927215576,64
3.8524718284606934,128
3.863588571548462,128
3.874763250350952,0
3.8858816623687744,128
3.8969919681549072,0
3.9082112312316895,128
3.9194793701171875,64
3.9307398796081543,0
3.941988468170166,64
3.9532322883605957,0
3.9644758701324463,0
3.975749969482422,0
3.987001419067383,0
3.998262405395508,64
4.009641408920288,0
4.020780801773071,192
4.03189754486084,0
4.043007850646973,0
4.054129600524902,0
4.065246820449829,0
4.076359987258911,64
4.087477684020996,128
4.098595142364502,0
4.1098151206970215,128
4.121080160140991,0
4.132333993911743,0
4.143580675125122,64
4.15488862991333,0
4.166141033172607,0
4.17738676071167,64
4.188629388809204,0
4.199869632720947,0
4.211239576339722,0
4.222377300262451,0
4.23349928855896,128
4.24465799331665,0
4.255776643753052,64
4.2668867111206055,0
4.277998447418213,128
4.28912353515625,0
4.300263404846191,0
4.311490774154663,0
4.322770595550537,192
4.3340842723846436,128
4.345347166061401,64
4.356601238250732,64
4.367849111557007,64
4.379096984863281,0
4.3903443813323975,0
4.401587724685669,0
4.412997484207153,0
4.4241461753845215,0
4.435271263122559,0
4.446385622024536,64
4.457499265670776,64
4.468608379364014,0
4.479716062545776,0
4.4908225536346436,0
4.5019447803497314,0
4.513166666030884,128
4.524441957473755,0
4.53570294380188,0
4.5469512939453125,0
4.558197975158691,0
4.569445848464966,128
4.580700635910034,0
4.591948986053467,0
4.603211164474487,128
4.614581346511841,0
4.625723838806152,0
4.6368408203125,64
4.647952318191528,64
4.659064531326294,64
4.670178651809692,64
4.681291341781616,0
4.692403554916382,64
4.703519344329834,128
4.714781045913696,0
4.7260589599609375,0
4.737321376800537,0
4.748578071594238,0
4.759829521179199,64
4.771077632904053,0
4.7823262214660645,0
4.793577194213867,128
4.8048810958862305,64
4.816258192062378,0
4.8274006843566895,0
4.838521718978882,0
4.849634647369385,0
4.860752105712891,64
4.871864080429077,192
4.882979393005371,128
4.894131660461426,0
4.905250787734985,0
4.916475534439087,0
4.9277448654174805,0
4.938998222351074,0
4.950249910354614,128
4.961496114730835,0
4.972743272781372,64
4.984038352966309,64
4.995373725891113,0
5.006813287734985,0
5.01826286315918,128
5.029447555541992,0
5.040590047836304,0
5.051717281341553,64
5.062833547592163,0
5.073950290679932,64
5.085076808929443,0
5.096198558807373,128
5.107319355010986,64
5.118549346923828,128
5.129818677902222,128
5.14107608795166,0
5.152329444885254,64
5.163580656051636,64
5.174884557723999,64
5.186142206192017,64
5.1973936557769775,0
5.208637237548828,64
5.220013380050659,0
5.231155633926392,128
5.242279529571533,128
5.25339674949646,0
5.264513969421387,0
5.27563738822937,0
5.286757707595825,128
5.297875165939331,64
5.308988571166992,128
5.320221185684204,64
5.331496953964233,64
5.3427793979644775,128
5.354079723358154,64
5.365339040756226,0
5.376593351364136,0
5.387842178344727,0
5.399091482162476,0
5.410336494445801,128
5.421711683273315,0
5.432851552963257,0
5.4440224170684814,64
5.455144166946411,0
5.466262102127075,0
5.477372169494629,0
5.488483190536499,0
5.499595880508423,0
5.510714530944824,0
5.521939516067505,0
5.533252000808716,128
5.544517278671265,64
5.555770635604858,128
5.5670201778411865,0
5.578268051147461,64
5.589519739151001,128
5.600773334503174,0
5.612043857574463,0
5.623429536819458,0
5.634613752365112,0
5.645740270614624,0
5.656853914260864,64
5.667970657348633,128
5.6790807247161865,0
5.690202236175537,128
5.701314926147461,0
5.712427854537964,0
5.723650932312012,64
5.734957456588745,64
5.746214866638184,64
5.757465600967407,0
5.768712520599365,0
5.77996039390564,0
5.791205883026123,64
5.80244517326355,64
5.813684701919556,0
5.825113773345947,0
5.836243629455566,0
5.847360372543335,128
5.85847544670105,64
5.869587421417236,192
5.880697011947632,64
5.891805410385132,64
5.902909517288208,64
5.914051532745361,0
5.925289154052734,128
5.936558961868286,64
5.947808742523193,64
5.9590535163879395,0
5.970297813415527,64
5.981537342071533,64
5.992779016494751,0
6.004090785980225,64
6.015343427658081,64
6.026720285415649,0
6.037862062454224,64
6.048975467681885,0
6.060093879699707,64
6.071208477020264,128
6.082322120666504,128
6.093430995941162,192
6.1045777797698975,0
6.115699291229248,128
6.12691855430603,0
6.138183355331421,0
6.149435043334961,0
6.160680770874023,128
6.171922922134399,64
6.183165550231934,0
6.194406270980835,64
6.205663681030273,0
6.21692419052124,0
6.228299140930176,64
6.239433526992798,64
6.250550031661987,0
6.261655807495117,0
6.272767543792725,128
6.28387713432312,0
6.295091152191162,0
6.306205749511719,0
6.317319393157959,0
6.328538417816162,0
6.339806079864502,64
6.351192235946655,0
6.362456321716309,64
6.373703956604004,64
6.385019779205322,0
6.396273136138916,0
6.407519817352295,0
6.418760538101196,64
6.4301323890686035,0
6.441266775131226,128
6.452377557754517,64
6.463485240936279,64
6.4746482372283936,64
6.48576021194458,0
6.4968695640563965,0
6.507975101470947,0
6.51908016204834,0
6.530301570892334,64
6.541660308837891,0
6.552938938140869,0
6.564194440841675,0
6.575451135635376,0
6.586698055267334,0
6.597947835922241,64
6.609191417694092,128
6.620425462722778,0
6.631800174713135,0
6.6429283618927,0
6.654101371765137,0
6.66521430015564,0
6.6763224601745605,0
6.687433958053589,128
6.6985390186309814,0
6.709643840789795,0
6.720748662948608,0
6.731972932815552,64
6.743237018585205,0
6.754480600357056,0
6.7657248973846436,0
6.7769694328308105,64
6.78821587562561,0
6.7994561195373535,64
6.810723066329956,128
6.821971654891968,64
6.833344221115112,0
6.844491720199585,128
6.855617523193359,0
6.866726875305176,0
6.877836465835571,64
6.888945817947388,64
6.900054454803467,0
6.911157846450806,0
6.922262191772461,0
6.933478355407715,128
6.944966554641724,0
6.956324577331543,64
6.967636823654175,0
6.978936195373535,0
6.990223169326782,128
7.001534700393677,128
7.012845277786255,64
7.0241944789886475,0
7.0356056690216064,64
7.046752452850342,64
7.057878017425537,64
7.068988561630249,0
7.080095052719116,0
7.091202974319458,0
7.102311372756958,64
7.113414764404297,192
7.124521732330322,0
7.135758399963379,128
7.147026062011719,128
7.158292055130005,0
7.169542074203491,0
7.180783748626709,0
7.192030191421509,128
7.203267574310303,64
7.214508771896362,0
7.225749969482422,0
7.237115144729614,64
7.2482476234436035,0
7.25936222076416,0
7.270470142364502,64
7.281574010848999,128
7.292719602584839,0
7.303838491439819,128
7.315000534057617,0
7.326112508773804,128
7.337337255477905,0
7.348597764968872,0
7.359850168228149,64
7.371097087860107,0
7.382339954376221,0
7.393580675125122,0
7.4048707485198975,0
7.41619086265564,64
7.427449464797974,0
7.4388251304626465,128
7.4499592781066895,64
7.461078405380249,64
7.472184419631958,0
7.4832923412323,128
7.494398593902588,0
7.505509376525879,128
7.516614198684692,0
7.527719736099243,0
7.538936138153076,0
7.550199270248413,64
7.5614471435546875,0
7.572693347930908,128
7.583942413330078,0
7.595197677612305,64
7.606441497802734,128
7.617684602737427,0
7.628925561904907,0
7.640294790267944,128
7.6514670848846436,192
7.662587404251099,128
7.673694610595703,64
7.68484091758728,128
7.695949554443359,128
7.707052707672119,0
7.718157529830933,0
7.729262351989746,64
7.74060845375061,192
7.751990795135498,64
7.7633020877838135,64
7.774576902389526,0
7.785833358764648,128
7.797085285186768,0
7.808330059051514,64
7.8195719718933105,0
7.830816030502319,0
7.842188358306885,64
7.853326320648193,192
7.86444616317749,128
7.875553369522095,0
7.886659145355225,64
7.897768259048462,0
7.9088780879974365,192
7.919982433319092,0
7.931089639663696,128
7.942310810089111,64
7.953573703765869,128
7.964876651763916,0
7.976122856140137,0
7.987362623214722,0
7.998608589172363,64
8.009884595870972,128
8.021132469177246,0
8.032368659973145,0
8.043744325637817,0
8.05491828918457,0
8.066036462783813,64
8.077147483825684,192
8.088258504867554,64
8.099372625350952,0
8.110481977462769,0
8.121590614318848,0
8.132702827453613,0
8.143933534622192,64
8.155215501785278,0
8.166470289230347,64
8.177717447280884,128
8.188960075378418,0
8.200199604034424,0
8.211441278457642,64
8.22268271446228,128
8.233919858932495,0
8.245285749435425,64
8.25641918182373,0
8.267534494400024,64
8.278642177581787,64
8.289749145507812,0
8.300859212875366,0
8.311969518661499,0
8.323077917098999,128
8.334182739257812,0
8.345407962799072,0
8.356676578521729,0
8.367925882339478,64
8.37922215461731,64
8.390470504760742,0
8.401710748672485,64
8.412943124771118,0
8.424193143844604,0
8.43543553352356,0
8.44680666923523,64
8.457961559295654,0
8.469083547592163,0
8.480191230773926,0
8.491303443908691,64
8.502413749694824,0
8.513519525527954,192
8.524863958358765,64
8.536001682281494,0
8.547220230102539,0
8.558530807495117,0
8.569794178009033,64
8.581040143966675,64
8.592283487319946,0
8.603533744812012,64
8.614867448806763,0
8.62612795829773,64
8.637372493743896,64
8.648752450942993,128
8.659889221191406,0
8.671003103256226,128
8.68211579322815,64
8.693226099014282,64
8.704335689544678,0
8.715446949005127,128
8.726554870605469,0
8.737666368484497,192
8.748884916305542,128
8.760146856307983,0
8.771395206451416,64
8.782641410827637,64
8.793886184692383,0
8.805131435394287,128
8.816384315490723,64
8.827626466751099,0
8.838867902755737,0
8.85024356842041,0
8.86138129234314,64
8.872496843338013,0
8.883601427078247,0
8.894759893417358,64
8.905871868133545,0
8.916979551315308,0
8.928085565567017,0
8.939193964004517,128
8.950415849685669,0
8.961686134338379,0
8.972930908203125,0
8.98417615890503,0
8.995424747467041,64
9.00667428970337,64
9.017972469329834,0
9.029239177703857,0
9.040489196777344,0
9.051856756210327,64
9.062986135482788,0
9.074146270751953,0
9.085255861282349,0
9.096374034881592,64
9.107492685317993,0
9.118603706359863,64
9.129711389541626,64
9.140819311141968,0
9.152040243148804,0
9.16331148147583,64
9.174564123153687,0
9.185811996459961,0
9.197057485580444,64
9.208299398422241,0
9.219567775726318,0
9.230817079544067,0
9.24206256866455,0
9.253435373306274,64
9.264615058898926,0
9.275737762451172,0
9.286848783493042,0
9.297958374023438,0
9.30907130241394,192
9.320178270339966,64
9.331287145614624,128
9.342398643493652,0
9.353626489639282,192
9.3650062084198,128
9.376270532608032,0
9.38752031326294,0
9.398765563964844,64
9.41000485420227,0
9.421240329742432,0
9.432491540908813,64
9.443735122680664,64
9.455161333084106,64
9.466293334960938,64
9.477408409118652,128
9.48851490020752,128
9.499651193618774,0
9.510762214660645,192
9.522294044494629,192
9.534035682678223,0
9.545633792877197,0
9.55720591545105,0
9.568877696990967,64
9.580424785614014,128
9.591642379760742,128
9.60278058052063,0
9.613945722579956,0
9.625113725662231,64
9.636258840560913,128
9.647397994995117,64
9.658596277236938,64
9.669739246368408,0
9.680874586105347,128
9.692011594772339,0
9.70314908027649,0
9.714293718338013,64
9.725429773330688,0
9.736565113067627,64
9.747700452804565,0
9.758954048156738,128
9.770249366760254,128
9.781535148620605,0
9.792811870574951,0
9.80414867401123,64
9.815472602844238,64
9.826762199401855,64
9.838046312332153,64
9.849318742752075,64
9.860730171203613,0
9.871898889541626,128
9.883043766021729,0
9.894180297851562,0
9.905322551727295,128
9.916455268859863,64
9.92759370803833,192
9.938726425170898,64
9.949862003326416,64
9.961110591888428,0
9.972407579421997,64
9.983685731887817,0
9.995029926300049,0
10.006319999694824,64
10.01759934425354,128
10.028876543045044,0
10.040154218673706,64
10.051435708999634,0
10.062840461730957,0
10.074039220809937,0
10.085186004638672,64
10.096328973770142,128
10.10746717453003,128
10.118607759475708,64
10.129748344421387,0
10.1408851146698,64
10.152025938034058,64
10.163271188735962,0
10.174570560455322,0
10.185855627059937,128
10.197134256362915,64
10.208410501480103,0
10.2196946144104,0
10.230974435806274,64
10.242253303527832,0
10.25352668762207,0
10.264979600906372,0
10.27614688873291,128
10.287291765213013,0
10.298430442810059,0
10.309564113616943,64
10.32070016860962,64
10.331839084625244,64
10.342976331710815,128
10.354155778884888,0
10.365396976470947,64
10.376664161682129,0
10.387916088104248,0
10.399163722991943,64
10.410408735275269,64
10.421689987182617,0
10.432936668395996,0
10.44418716430664,64
10.45543122291565,0
10.466809749603271,64
10.477945327758789,128
10.489059686660767,64
10.500168561935425,0
10.511277914047241,64
10.522385358810425,0
10.533495426177979,64
10.544671297073364,64
10.55578899383545,128
10.567006349563599,0
10.57826566696167,0
10.589515924453735,64
10.60075855255127,0
10.611998796463013,0
10.623330354690552,0
10.634643316268921,128
10.64591360092163,0
10.657160758972168,0
10.668546915054321,128
10.67968201637268,0
10.690802812576294,64
10.701913118362427,64
10.713020324707031,0
10.724137544631958,128
10.735244274139404,0
10.746350526809692,0
10.757456541061401,64
10.768675804138184,128
10.77994179725647,64
10.791187286376953,64
10.802428007125854,64
10.813668012619019,64
10.82496428489685,0
10.836200952529907,0
10.847452640533447,64
10.858699321746826,0
10.87006402015686,0
10.881194353103638,0
10.892313718795776,64
10.903428316116333,64
10.914573669433594,0
10.925685167312622,64
10.936794757843018,64
10.947898387908936,0
10.959001064300537,0
10.970219373703003,0
10.981483459472656,64
10.99272871017456,0
11.004032373428345,64
11.0153169631958,0
11.026564836502075,0
11.03780722618103,64
11.049051284790039,64
11.060294389724731,0
11.071662425994873,0
11.0827956199646,0
11.093904733657837,0
11.105026245117188,0
11.116132497787476,0
11.127241611480713,0
11.138352155685425,64
11.149455785751343,64
11.160567045211792,0
11.17178750038147,0
11.183058023452759,128
11.194308519363403,0
11.20556116104126,64
11.216811895370483,0
11.22809100151062,0
11.239341735839844,64
11.250592231750488,0
11.261830806732178,64
11.273197174072266,64
11.284334897994995,128
11.29547643661499,64
11.306590795516968,64
11.317699670791626,64
11.328807592391968,64
11.339918613433838,64
11.35102915763855,0
11.362135648727417,64
11.373369932174683,0
11.384708881378174,128
11.395970106124878,64
11.40721845626831,0
11.418469429016113,64
11.429718255996704,128
11.44108271598816,0
11.452348232269287,0
11.463584661483765,0
11.475003242492676,64
11.486141443252563,128
11.497247219085693,0
11.508344411849976,128
11.519442558288574,64
11.530544757843018,0
11.541643381118774,64
11.552756547927856,0
11.563867092132568,0
11.575117826461792,64
11.586377382278442,0
11.597620248794556,0
11.60885763168335,64
11.620120286941528,0
11.631359577178955,64
11.64259386062622,128
11.653831243515015,64
11.665127754211426,64
11.67649245262146,128
11.687622308731079,128
11.698729038238525,128
11.709825277328491,64
11.720921516418457,0
11.732036352157593,64
11.743132829666138,0
11.754234075546265,128
11.7653329372406,64
11.77654218673706,64
11.78779149055481,0
11.799028873443604,128
11.81025743484497,0
11.821486711502075,64
11.832712888717651,64
11.84394121170044,128
11.85519027709961,64
11.866421699523926,0
11.87778115272522,64
11.888906955718994,64
11.900012016296387,0
11.91110610961914,128
11.922200202941895,0
11.933301448822021,0
11.944395542144775,0
11.955491781234741,0
11.966590881347656,64
11.977793455123901,0
11.989042520523071,128
12.00028133392334,0
12.011525630950928,0
12.022763013839722,64
12.034049272537231,0
12.04529070854187,128
12.056527376174927,0
12.067758321762085,64
12.07911205291748,64
12.090232849121094,128
12.101337671279907,0
12.112435340881348,64
12.123530387878418,64
12.134668827056885,64
12.145769834518433,0
12.156866073608398,128
12.167963743209839,128
12.179172277450562,0
12.19042706489563,0
12.201663732528687,128
12.212896347045898,128
12.22415828704834,128
12.235394477844238,64
12.24662971496582,64
12.257868766784668,0
12.269102334976196,64
12.280460119247437,64
12.291585206985474,64
12.302700996398926,0
12.313807249069214,64
12.3250150680542,128
12.3361234664917,64
12.347229719161987,64
12.358327627182007,128
12.369422912597656,0
12.380630731582642,0
12.391896963119507,64
12.403136014938354,0
12.414366722106934,0
12.42560076713562,128
12.436834812164307,0
12.448065042495728,64
12.459301948547363,64
12.47053599357605,0
12.481889486312866,0
12.493009328842163,0
12.504114866256714,0
12.515214204788208,64
12.52630877494812,0
12.537408351898193,128
12.548503160476685,0
12.559600830078125,128
12.570694208145142,0
12.581897497177124,0
12.593146085739136,0
12.604387521743774,0
12.61564302444458,0
12.626881122589111,64
12.6381094455719,64
12.649334907531738,0
12.660565614700317,0
12.671831130981445,128
12.683265686035156,0
12.694430828094482,0
12.705584526062012,64
12.716699123382568,0
12.727801322937012,128
12.738904476165771,64
12.750000476837158,128
12.76109266281128,0
12.772194147109985,64
12.783554792404175,64
12.794920206069946,0
12.806175708770752,0
12.817441701889038,64
12.828679323196411,64
12.839908599853516,0
12.851142644882202,0
12.862375259399414,64
12.873605012893677,0
12.885009765625,0
12.89613962173462,64
12.907247066497803,192
12.91834545135498,0
12.929441213607788,0
12.940538883209229,0
12.951637506484985,0
12.962727308273315,0
12.973820924758911,64
12.985146522521973,128
12.996409177780151,64
13.007653951644897,0
13.018887996673584,64
13.030119895935059,0
13.041353464126587,64
13.052584409713745,128
13.063814640045166,0
13.075102090835571,64
13.086461544036865,64
13.09758734703064,0
13.108694553375244,128
13.119794607162476,192
13.13089656829834,128
13.141997814178467,64
13.153096199035645,64
13.164191246032715,192
13.175292253494263,64
13.186502933502197,64
13.197762966156006,64
13.20900845527649,0
13.22024416923523,0
13.23147463798523,128
13.242708444595337,64
13.25394320487976,0
13.26518201828003,0
13.276418209075928,64
13.287775754928589,0
13.298900842666626,0
13.310002088546753,128
13.321099758148193,0
13.332200527191162,0
13.343300104141235,64
13.354403734207153,128
13.365502834320068,0
13.376599550247192,0
13.38780403137207,0
13.399056196212769,0
13.410299301147461,0
13.421553373336792,64
13.43278431892395,0
13.44406270980835,0
13.455312967300415,0
13.466543436050415,0
13.47779107093811,64
13.489152193069458,0
13.500287294387817,0
13.511393308639526,0
13.522493600845337,64
13.53359842300415,0
13.54473876953125,64
13.555838346481323,64
13.566935300827026,0
13.578034400939941,128
13.589241743087769,64
13.600498914718628,128
13.611740112304688,0
13.622970819473267,64
13.634204149246216,128
13.645429134368896,128
13.656679153442383,0
13.667913436889648,64
13.67914342880249,0
13.690502405166626,128
13.701624631881714,128
13.712725400924683,64
13.723824501037598,0
13.734971761703491,0
13.746066331863403,0
13.757165670394897,128
13.768264532089233,0
13.779359579086304,0
13.790565252304077,0
13.801819562911987,0
13.81306004524231,64
13.82429838180542,64
13.835524320602417,0
13.846760988235474,64
13.857994318008423,0
13.869219779968262,128
13.880449533462524,64
13.89180588722229,64
13.902931213378906,128
13.914073705673218,0
13.925187349319458,0
13.936284065246582,0
13.94737958908081,64
13.95847749710083,0
13.969573736190796,0
13.980669021606445,0
13.991878509521484,0
14.003136157989502,0
14.014418125152588,64
14.025681972503662,0
14.036919116973877,64
14.048156023025513,64
14.059385776519775,0
14.070617198944092,0
14.081847906112671,64
14.093207836151123,64
14.104339599609375,64
14.115447521209717,0
14.126550674438477,192
14.137646675109863,0
14.14874267578125,0
14.159838914871216,0
14.170940399169922,64
14.182037830352783,128
14.193233251571655,0
14.20449447631836,64
14.215734243392944,64
14.226973295211792,64
14.238206148147583,0
14.2494375705719,64
14.260669469833374,64
14.27189826965332,128
14.283128499984741,64
14.294487237930298,64
14.305614948272705,192
14.31671690940857,64
14.327819108963013,128
14.338915348052979,0
14.350014448165894,0
14.361109495162964,128
14.372202396392822,0
14.383313179016113,0
14.394517660140991,64
14.405773162841797,64
14.417012214660645,64
14.428260326385498,0
14.43949031829834,0
14.450723648071289,0
14.461953163146973,64
14.473183393478394,64
14.484418392181396,64
14.495677709579468,64
14.506799936294556,0
14.51789903640747,0
14.529000282287598,0
14.540095567703247,0
14.551193237304688,64
14.562299251556396,64
14.573399066925049,0
14.584495782852173,64
14.595617771148682,128
14.606863021850586,0
14.61811900138855,0
14.62935495376587,0
14.64058518409729,128
14.651819467544556,128
14.663048267364502,0
14.674280166625977,0
14.68551230430603,64
14.696682453155518,128
14.707800388336182,128
14.718902111053467,0
14.730002164840698,0
14.741106748580933,128
14.752203702926636,0
14.763298988342285,0
14.774401426315308,128
14.785496234893799,128
14.796699523925781,0
14.807957172393799,64
14.819201946258545,0
14.830434799194336,128
14.841663360595703,0
14.852903604507446,64
14.864140272140503,0
14.875370979309082,64
14.886601209640503,0
14.89795470237732,64
14.909075260162354,128
14.920174598693848,0
14.931273698806763,0
14.942378044128418,0
14.953473091125488,64
14.964614868164062,0
14.975719451904297,64
14.98681640625,64
14.998029232025146,0
15.009287118911743,0
15.020525932312012,64
15.031759977340698,64
15.04298996925354,64
15.054229021072388,64
15.065468311309814,64
15.076701641082764,0
15.087929487228394,0
15.099287271499634,128
15.110410690307617,64
15.121511936187744,0
15.13261079788208,0
15.143709421157837,0
15.15485668182373,64
15.165955066680908,0
15.177053928375244,0
15.188149452209473,64
15.199352741241455,64
15.21060299873352,64
15.221866607666016,128
15.2331063747406,0
15.244343280792236,64
15.25557804107666,128
15.266802310943604,0
15.27803373336792,64
15.289267301559448,0
15.300729274749756,64
15.31187105178833,0
15.322976350784302,0
15.334178447723389,64
15.345319747924805,0
15.356428623199463,64
15.367528915405273,64
15.378623485565186,0
15.389716625213623,128
15.40092658996582,0
15.412171363830566,0
15.423410654067993,64
15.434679746627808,128
15.445924758911133,0
15.457160711288452,0
15.468388319015503,64
15.479615688323975,128
15.490844249725342,64
15.502208232879639,0
15.513331413269043,128
15.524445295333862,0
15.535543203353882,0
15.546637296676636,0
15.55773401260376,64
15.568835020065308,192
15.579937934875488,128
15.591039657592773,0
15.60224723815918,0
15.613499879837036,64
15.624797344207764,64
15.63603663444519,64
15.647270202636719,0
15.658506155014038,0
15.669735431671143,0
15.681021451950073,0
15.692269325256348,0
15.703629493713379,0
15.714931011199951,64
15.726052284240723,0
15.737176895141602,128
15.748279571533203,128
15.759376287460327,0
15.770481824874878,64
15.781583786010742,64
15.792681694030762,64
15.803889513015747,0
15.815146684646606,0
15.826417684555054,64
15.837655305862427,0
15.848893165588379,128
15.860118627548218,0
15.871350765228271,0
15.88257384300232,0
15.893798828125,64
15.905288696289062,64
15.916435480117798,0
15.92755675315857,64
15.938673973083496,0
15.949787139892578,0
15.960908651351929,0
15.97201943397522,0
15.983136415481567,64
15.994253396987915,64
16.005486965179443,64
16.01678228378296,0
16.028071880340576,64
16.039352416992188,0
16.050628662109375,64
16.061911582946777,64
16.073184728622437,0
16.08445692062378,0
16.095736265182495,64
16.10714077949524,64
16.118306398391724,0
16.12945055961609,0
16.140584707260132,0
16.15172266960144,192
16.162858724594116,0
16.17410159111023,0
16.185250282287598,128
16.19639492034912,128
16.207578420639038,64
16.218724250793457,128
16.229860067367554,128
16.24099564552307,64
16.252135276794434,64
16.263275146484375,64
16.274413585662842,64
16.285550832748413,0
16.29668879508972,128
16.307937383651733,0
16.319236278533936,0
16.330517768859863,64
16.341796159744263,64
16.35307765007019,0
16.364367246627808,0
16.375646591186523,0
16.386919736862183,64
16.39819359779358,0
16.409599542617798,128
16.42078995704651,64
16.431939601898193,64
16.443079948425293,0
16.45422387123108,64
16.46538496017456,192
16.476528644561768,0
16.487661600112915,128
16.498798847198486,0
16.510054349899292,0
16.52135729789734,0
16.532644748687744,64
16.543925046920776,0
16.55521059036255,128
16.566482305526733,0
16.57776141166687,64
16.589035987854004,0
16.600311040878296,128
16.611724376678467,0
16.622894287109375,64
16.634071111679077,0
16.645207166671753,128
16.65633988380432,0
16.667476892471313,0
16.678609371185303,0
16.689747095108032,128
16.700886964797974,0
16.712136268615723,64
16.723438024520874,128
16.734786987304688,0
16.746068954467773,64
16.75733971595764,0
16.768614530563354,64
16.779913902282715,0
16.79120945930481,64
16.802488327026367,64
16.81390118598938,64
16.82506251335144,64
16.836208820343018,0
16.84734845161438,128
16.858566284179688,64
16.86971092224121,0
16.880846738815308,64
16.8919837474823,0
16.903113842010498,0
16.914363145828247,0
16.92566728591919,0
16.936951398849487,0
16.948225021362305,0
16.959501266479492,128
16.970783472061157,0
16.9820659160614,64
16.993347644805908,64
17.004690170288086,64
17.016119718551636,64
17.027323484420776,0
17.03847622871399,0
17.04961919784546,0
17.060768127441406,64
17.07190728187561,0
17.083046674728394,64
17.09419059753418,0
17.105335235595703,64
17.116600275039673,0
17.12790274620056,0
17.139195203781128,128
17.150470733642578,0
17.161749124526978,0
17.17303228378296,64
17.184316396713257,64
17.19559097290039,64
17.206862688064575,0
17.218271255493164,64
17.229437112808228,0
17.240577459335327,128
17.251717567443848,64
17.262858867645264,0
17.274055004119873,0
17.285199642181396,0
17.296347856521606,0
17.307485580444336,128
17.318735122680664,64
17.330037117004395,0
17.34132194519043,0
17.35260319709778,0
17.363879442214966,0
17.375166416168213,64
17.38644552230835,64
17.39772605895996,0
17.408998250961304,0
17.420400857925415,64
17.431560754776,128
17.44270348548889,64
17.45384168624878,128
17.46514105796814,128
17.47628402709961,0
17.487443685531616,64
17.498578548431396,0
17.50971794128418,128
17.520910501480103,0
17.532055377960205,128
17.543190002441406,128
17.55432653427124,64
17.56547260284424,64
17.57661533355713,0
17.587753534317017,0
17.598894357681274,64
17.610035181045532,192
17.621315240859985,128
17.632624864578247,0
17.64391851425171,64
17.65520715713501,64
17.666486263275146,0
17.677767515182495,0
17.68904948234558,0
17.700329542160034,64
17.711608409881592,64
17.72301197052002,0
17.734177112579346,0
17.74531602859497,128
17.75645637512207,64
17.767598867416382,128
17.77873468399048,128
17.789873600006104,64
17.801013708114624,0
17.81215000152588,128
17.823423385620117,64
17.834791898727417,0
17.846089363098145,64
17.857367753982544,128
17.86864423751831,0
17.87992572784424,64
17.891209840774536,0
17.902485370635986,64
17.913763761520386,64
17.92521619796753,0
17.936386585235596,64
17.94753670692444,192
17.95868182182312,0
17.9698224067688,128
17.980955600738525,0
17.992089986801147,0
18.00323176383972,0
18.014371395111084,64
18.025632619857788,0
18.036938428878784,64
18.04822278022766,0
18.059499740600586,0
18.070786952972412,0
18.082072496414185,0
18.093352794647217,0
18.104695320129395,0
18.11598300933838,64
18.127392768859863,64
18.13856053352356,64
18.149705171585083,128
18.16084909439087,128
18.171985626220703,64
18.183120250701904,192
18.194263458251953,128
18.20540142059326,192
18.216543197631836,0
18.227836847305298,128
18.23914384841919,0
18.250432014465332,0
18.261711597442627,0
18.27298617362976,0
18.284271717071533,64
18.295559406280518,0
18.306838750839233,0
18.318117380142212,64
18.32952904701233,64
18.340697765350342,64
18.35184335708618,0
18.362988233566284,192
18.37421488761902,0
18.385363578796387,128
18.396512985229492,192
18.407681465148926,64
18.41882348060608,64
18.430013179779053,128
18.441149711608887,128
18.452290058135986,64
18.463430404663086,128
18.474605321884155,0
18.4857497215271,64
18.49688744544983,0
18.50804352760315,64
18.519190788269043,64
18.53045129776001,0
18.541760206222534,0
18.553048372268677,0
18.564331769943237,128
18.575616359710693,64
18.586902856826782,64
18.59817910194397,64
18.609459400177002,0
18.620734930038452,64
18.63214373588562,0
18.643311023712158,0
18.654460191726685,64
18.665597677230835,128
18.67673945426941,0
18.687877893447876,128
18.699015140533447,0
18.710153818130493,64
18.721292972564697,128
18.73254656791687,0
18.74384832382202,64
18.755200624465942,0
18.766480207443237,64
18.777761220932007,64
18.789041996002197,64
18.800317764282227,0
18.811589002609253,128
18.822983503341675,0
18.834452390670776,0
18.845661878585815,128
18.85683846473694,0
18.867984771728516,128
18.879125595092773,0
18.89026951789856,0
18.9014093875885,0
18.912555932998657,64
18.92369270324707,0
18.93495011329651,0
18.946093797683716,192
18.957229137420654,0
18.968367338180542,0
18.979509592056274,64
18.99064612388611,0
19.00178837776184,64
19.01292848587036,128
19.02410912513733,64
19.03538489341736,0
19.04669499397278,0
19.057984352111816,64
19.069268226623535,64
19.080551147460938,64
19.091827869415283,0
19.10310196876526,0
19.114378452301025,64
19.125667095184326,64
19.13707208633423,0
19.148231744766235,0
19.159374952316284,0
19.170525789260864,192
19.181660413742065,128
19.192803382873535,128
19.203938245773315,64
19.215076446533203,0
19.226213693618774,64
19.237465620040894,0
19.24876308441162,64
19.26020359992981,0
19.271533966064453,64
19.28282070159912,0
19.29419207572937,192
19.305484294891357,128
19.31676745414734,0
19.328049182891846,64
19.339473247528076,0
19.35065007209778,128
19.361797332763672,0
19.37293815612793,192
19.384172439575195,0
19.395328283309937,64
19.40647006034851,64
19.41761088371277,64
19.428792238235474,0
19.439993143081665,128
19.451138019561768,64
19.462279081344604,64
19.473421573638916,64
19.484596252441406,64
19.49574041366577,0
19.50688076019287,0
19.51802396774292,128
19.529176712036133,0
19.540433883666992,64
19.551737070083618,128
19.563019514083862,0
19.574300527572632,0
19.585583686828613,0
19.596858501434326,0
19.608144521713257,0
19.619422435760498,0
19.63070583343506,64
19.642117977142334,64
19.653281688690186,64
19.664427995681763,0
19.675572156906128,128
19.686713933944702,128
19.697859287261963,0
19.709028244018555,0
19.72016954421997,0
19.731305360794067,0
19.742560863494873,0
19.753859281539917,0
19.765300989151,64
19.77658748626709,0
19.787866353988647,0
19.799140691757202,0
19.810415029525757,0
19.82169461250305,0
19.832966089248657,0
19.84436869621277,0
19.85554337501526,64
19.86668872833252,0
19.87782073020935,0
19.888957262039185,128
19.90011429786682,0
19.91125178337097,0
19.922393083572388,128
19.93353033065796,64
19.944838285446167,0
19.956143856048584,128
19.96743130683899,0
19.97871208190918,0
19.989983797073364,64
20.00126028060913,0
20.012535095214844,0
20.023839235305786,0
20.035176515579224,64
20.046592712402344,0
20.05776309967041,64
20.068909645080566,0
20.08004927635193,128
20.091187715530396,0
20.102322340011597,64
20.11345934867859,0
20.124659061431885,128
20.135802030563354,64
20.14705729484558,64
20.15835475921631,0
20.169636249542236,0
20.180912017822266,0
20.192187547683716,0
20.203460931777954,0
20.214782238006592,0
20.22605800628662,0
20.23733615875244,0
20.248745441436768,128
20.259910583496094,0
20.271052360534668,64
20.282188892364502,64
20.29332423210144,64
20.304462671279907,0
20.315603256225586,64
20.326738595962524,64
20.337873220443726,64
20.349136114120483,192
20.360432386398315,64
20.37171196937561,0
20.38298988342285,0
20.394272089004517,128
20.405546188354492,0
20.416820764541626,64
20.42809295654297,64
20.43936538696289,0
20.450767993927002,0
20.461934328079224,0
20.47307538986206,64
20.484209537506104,0
20.49534273147583,0
20.5064799785614,0
20.51761555671692,64
20.528752088546753,128
20.53989052772522,128
20.551153421401978,128
20.562472105026245,0
20.57375693321228,64
20.585102081298828,0
20.596378803253174,0
20.607654333114624,0
20.61894702911377,0
20.630268812179565,0
20.641558170318604,0
20.652968883514404,0
20.664174556732178,64
20.67532205581665,64
20.686461448669434,0
20.697604417800903,0
20.708747148513794,0
20.719884634017944,0
20.731021642684937,192
20.742159605026245,0
20.753409385681152,0
20.764774799346924,0
20.7760591506958,64
20.787336587905884,0
20.79861307144165,128
20.809892416000366,64
20.821168661117554,0
20.832444190979004,0
20.843724727630615,128
20.855180740356445,64
20.866347551345825,0
20.877493619918823,64
20.88863444328308,192
20.8997700214386,0
20.910907983779907,0
20.922046422958374,0
20.933184385299683,128
20.94434094429016,0
20.955613136291504,192
20.96692132949829,0
20.978212594985962,192
20.989490270614624,0
21.00077533721924,64
21.01205563545227,0
21.02333688735962,64
21.034619331359863,0
21.045909643173218,128
21.057326078414917,64
21.06849241256714,192
21.07964587211609,128
21.090794563293457,64
21.101933002471924,0
21.113073110580444,192
21.124207258224487,0
21.13535237312317,64
21.14649224281311,64
21.157745361328125,0
21.169049978256226,64
21.18033194541931,0
21.19160294532776,0
21.202874898910522,0
21.21421766281128,128
21.22554063796997,0
21.236825466156006,0
21.248108386993408,0
21.259514093399048,0
21.27068018913269,0
21.281824350357056,64
21.292961597442627,0
21.304142475128174,0
21.315285682678223,0
21.326424837112427,128
21.33756136894226,0
21.348701000213623,64
21.35996389389038,128
21.371267795562744,0
21.382554292678833,64
21.393837451934814,64
21.40523338317871,64
21.416518211364746,64
21.427794933319092,0
21.439072370529175,64
21.450347423553467,0
21.46175193786621,64
21.47291612625122,0
21.48409652709961,0
21.495237350463867,0
21.506377458572388,64
21.517520904541016,192
21.528661489486694,128
21.53979992866516,128
21.550937175750732,192
21.562278032302856,0
21.57360529899597,64
21.58495593070984,0
21.596241235733032,0
21.607526302337646,64
21.61880326271057,64
21.630077600479126,0
21.64134907722473,0
21.652623176574707,64
21.664079189300537,0
21.675244092941284,0
21.686394929885864,0
21.697537422180176,128
21.708672285079956,0
21.719808340072632,0
21.731133937835693,128
21.74228286743164,128
21.75342345237732,128
21.764674186706543,0
21.775821447372437,64
21.786961793899536,64
21.798102855682373,128
21.80923819541931,0
21.82038164138794,0
21.83154535293579,64
21.842689990997314,64
21.853827714920044,64
21.865144729614258,0
21.876415967941284,64
21.88771367073059,0
21.898972034454346,0
21.910212993621826,64
21.921462774276733,0
21.932697534561157,0
21.943932056427002,64
21.95517134666443,64
21.966542720794678,0
21.977696180343628,128
21.98881244659424,128
21.999911069869995,64
22.01101016998291,64
22.022115230560303,0
22.033214330673218,64
22.044310331344604,0
22.0554096698761,128
22.066614151000977,0
22.077882766723633,64
22.08912205696106,0
22.10035514831543,64
22.111581802368164,0
22.122808933258057,64
22.13409185409546,64
22.14532732963562,128
22.156561613082886,64
22.16793131828308,64
22.179056406021118,0
22.19015669822693,64
22.20125150680542,64
22.212347507476807,0
22.223445653915405,192
22.234574556350708,64
22.245677709579468,64
22.25677466392517,0
22.26797890663147,0
22.279229402542114,0
22.290467023849487,64
22.301701307296753,0
22.31292986869812,0
22.3241605758667,0
22.33539891242981,64
22.34663152694702,64
22.357860803604126,64
22.369216680526733,0
22.380342721939087,128
22.391441822052002,128
22.40254044532776,0
22.41363263130188,0
22.424781322479248,128
22.4359188079834,0
22.447030067443848,0
22.45813250541687,128
22.469342708587646,0
22.48060441017151,64
22.49184513092041,0
22.503072023391724,0
22.514299631118774,128
22.52553153038025,0
22.53676438331604,0
22.547996997833252,64
22.55925464630127,0
22.57061791419983,0
22.581740140914917,0
22.592860221862793,64
22.60400629043579,0
22.61511731147766,0
22.626216173171997,64
22.637314796447754,128
22.64841103553772,0
22.65950846672058,128
22.670719623565674,128
22.68197512626648,0
22.693220376968384,64
22.704499006271362,0
22.71574902534485,64
22.726983547210693,64
22.73821234703064,0
22.749440908432007,64
22.760671615600586,64
22.77202534675598,0
22.783149480819702,192
22.794250011444092,64
22.805346250534058,0
22.816444635391235,64
22.827538013458252,0
22.838630199432373,0
22.84972858428955,128
22.860825538635254,64
22.872029066085815,192
22.883280515670776,128
22.894516229629517,0
22.905743837356567,0
22.91697359085083,64
22.928205013275146,0
22.93943500518799,64
22.950661659240723,64
22.96188712120056,0
22.97323989868164,128
22.98437190055847,0
22.995476961135864,128
23.006582021713257,0
23.017712593078613,128
23.028836727142334,64
23.03994584083557,64
23.05104637145996,0
23.062148332595825,64
23.073359966278076,0
23.08466386795044,64
23.09591794013977,64
23.107152223587036,64
23.118383646011353,0
23.129615306854248,64
23.140849113464355,64
23.152077436447144,0
23.16330885887146,64
23.174726009368896,0
23.18586492538452,0
23.19697070121765,0
23.208069562911987,0
23.21916437149048,0
23.230257511138916,0
23.241352319717407,0
23.25245189666748,128
23.263551235198975,64
23.274803161621094,192
23.286059856414795,0
23.297322750091553,64
23.308555364608765,0
23.319788217544556,0
23.331023454666138,64
23.3422589302063,128
23.353492736816406,128
23.364786386489868,64
23.37615704536438,64
23.387280702590942,64
23.398385524749756,128
23.4094820022583,0
23.42058229446411,0
23.431705713272095,128
23.442798614501953,64
23.453892707824707,0
23.464991569519043,0
23.476200819015503,0
23.48745369911194,0
23.498692989349365,64
23.509925603866577,64
23.521159172058105,64
23.532386302947998,64
23.54361581802368,0
23.554901123046875,0
23.566136121749878,64
23.577494144439697,64
23.588624477386475,0
23.599730014801025,0
23.610824584960938,0
23.621917247772217,128
23.63303256034851,0
23.644136667251587,0
23.65523600578308,128
23.666333436965942,128
23.677550554275513,192
23.68880319595337,0
23.70004415512085,64
23.711276292800903,128
23.72250270843506,0
23.73373532295227,64
23.74513030052185,128
23.756381034851074,64
23.767613172531128,0
23.77898335456848,64
23.790106296539307,0
23.80121111869812,64
23.812307596206665,128
23.82340669631958,0
23.834505558013916,0
23.845601797103882,64
23.85669779777527,128
23.867794275283813,64
23.878993034362793,0
23.89024543762207,0
23.901482582092285,64
23.91271686553955,64
23.923945426940918,0
23.935184955596924,64
23.946413278579712,0
23.957647562026978,0
23.968874216079712,64
23.98022961616516,0
23.991350173950195,128
24.00245475769043,64
24.013548135757446,0
24.024697303771973,64
24.035805463790894,64
24.04690432548523,128
24.058023691177368,0
24.069127082824707,0
24.080332279205322,0
24.091591119766235,64
24.102831840515137,64
24.114110469818115,0
24.12535858154297,0
24.136590003967285,0
24.14782166481018,64
24.15905237197876,0
24.170281410217285,0
24.181641340255737,0
24.192769050598145,64
24.203871488571167,64
24.2150137424469,0
24.22611165046692,0
24.23723602294922,192
24.248337030410767,128
24.259434700012207,0
24.270533561706543,0
24.281750679016113,64
24.293009996414185,0
24.30425214767456,64
24.315490007400513,0
24.326719284057617,64
24.337947368621826,128
24.349185705184937,64
24.360418796539307,64
24.371646642684937,64
24.383007287979126,64
24.394139051437378,0
24.405236959457397,128
24.416333436965942,0
24.42743468284607,128
24.43853235244751,128
24.44962501525879,0
24.460719108581543,128
24.471816301345825,64
24.4830219745636,64
24.494282484054565,64
24.50551438331604,0
24.516746759414673,128
24.527973651885986,0
24.53920292854309,0
24.55043864250183,64
24.561667919158936,0
24.57289743423462,128
24.58425736427307,64
24.595399618148804,0
24.606505870819092,64
24.617607355117798,64
24.62871217727661,0
24.639811754226685,64
24.650906801223755,0
24.661998748779297,0
24.673094511032104,128
24.68430256843567,64
24.695557355880737,0
24.706795692443848,128
24.71802520751953,0
24.72925329208374,64
24.740480661392212,0
24.751712799072266,0
24.762967824935913,64