pawing
Mon Nov 13 17:45:13 2023
Buffer length: 1000
Recording length: 1827
100
#
55.89604115486145,0
55.90730905532837,0
55.91858530044556,0
55.92986083030701,64
55.941264152526855,64
55.95242977142334,64
55.96359419822693,0
55.974737882614136,192
55.98587703704834,192
55.99701714515686,64
56.008166790008545,0
56.019306659698486,0
56.03044533729553,0
56.0417275428772,0
56.05303955078125,0
56.064324378967285,0
56.075677156448364,64
56.08700680732727,0
56.098292112350464,0
56.109596252441406,64
56.12088346481323,0
56.1321656703949,64
56.143576860427856,0
56.15474486351013,0
56.16589713096619,128
56.177035331726074,0
56.18816876411438,0
56.1993043422699,0
56.21044707298279,0
56.22158741950989,128
56.23272371292114,0
56.24397945404053,0
56.25534725189209,0
56.26664137840271,0
56.277920961380005,64
56.28919744491577,64
56.30047917366028,64
56.31175708770752,64
56.32303524017334,64
56.33431315422058,0
56.345770835876465,0
56.356940269470215,0
56.368086099624634,0
56.37922215461731,192
56.39035773277283,0
56.40149259567261,0
56.41262984275818,0
56.42376136779785,0
56.43489909172058,128
56.44614839553833,0
56.45744466781616,0
56.46872878074646,0
56.48000884056091,0
56.49128532409668,0
56.5025634765625,64
56.513840675354004,64
56.52512216567993,0
56.536399126052856,0
56.547799825668335,64
56.55896854400635,0
56.570117712020874,64
56.581257581710815,192
56.59238886833191,128
56.60352373123169,64
56.61471891403198,0
56.625879764556885,64
56.63700985908508,0
56.648263454437256,0
56.65955948829651,0
56.670841455459595,64
56.68214964866638,64
56.69342398643494,0
56.70474362373352,64
56.716025590896606,64
56.72730112075806,64
56.73858046531677,0
56.74999213218689,64
56.76115942001343,64
56.77230453491211,0
56.78344488143921,0
56.794641971588135,0
56.80579590797424,0
56.816938638687134,0
56.82807540893555,64
56.839216232299805,128
56.85046982765198,0
56.86177945137024,64
56.87306094169617,64
56.88433766365051,0
56.89565825462341,128
56.90692853927612,64
56.91820168495178,0
56.92948389053345,64
56.940757513046265,0
56.95215129852295,64
56.96331739425659,0
56.97446799278259,64
56.985615491867065,0
56.99678897857666,128
57.007933139801025,0
57.01907229423523,64
57.03020882606506,0
57.04135036468506,0
57.05260467529297,64
57.06390190124512,0
57.075249433517456,64
57.08653783798218,0
57.09781193733215,64
57.109087228775024,0
57.12037467956543,0
57.13165473937988,64
57.14293146133423,64
57.15433144569397,0
57.16553783416748,0
57.176685094833374,0
57.187822580337524,0
57.1989643573761,0
57.2101092338562,64
57.22124695777893,64
57.2323784828186,0
57.24351453781128,64
57.25476694107056,0
57.26606774330139,0
57.277352809906006,128
57.28866386413574,128
57.299946308135986,64
57.31122159957886,0
57.32249903678894,0
57.33377456665039,64
57.3450403213501,128
57.356438636779785,64
57.36760854721069,64
57.3787522315979,128
57.389888763427734,64
57.401028633117676,128
57.41216254234314,0
57.423295736312866,128
57.434465408325195,0
57.44561314582825,128
57.45680785179138,0
57.467952489852905,64
57.479087114334106,0
57.490227460861206,0
57.5013644695282,64
57.512500286102295,0
57.52363634109497,64
57.53477501869202,192
57.545921325683594,0
57.557172536849976,0
57.56847357749939,128
57.57976007461548,64
57.59103751182556,64
57.60231256484985,64
57.61358833312988,0
57.624871015548706,64
57.63615703582764,0
57.64743661880493,128
57.65884304046631,0
57.67000102996826,0
57.68114352226257,64
57.69228196144104,128
57.70341730117798,64
57.71461200714111,0
57.725762128829956,192
57.7369065284729,0
57.748045682907104,64
57.759294509887695,128
57.770596504211426,192
57.7818877696991,0
57.793164014816284,0
57.80443572998047,64
57.81575393676758,0
57.827035427093506,64
57.838311195373535,0
57.84958624839783,64
57.86099028587341,64
57.87215995788574,64
57.88333439826965,0
57.89447641372681,64
57.905616760253906,128
57.91675853729248,192
57.927897214889526,64
57.939029693603516,0
57.950201988220215,128
57.96152853965759,0
57.97284531593323,0
57.98414206504822,0
57.99548411369324,0
58.00676441192627,0
58.018038272857666,0
58.02930974960327,64
58.04060935974121,0
58.051891565322876,128
58.06329965591431,64
58.074466943740845,192
58.08561587333679,64
58.09675168991089,64
58.10788893699646,192
58.11904430389404,0
58.13018560409546,0
58.141329288482666,0
58.15246534347534,0
58.16371965408325,64
58.17502164840698,64
58.18630385398865,0
58.19758415222168,0
58.208855390548706,0
58.220130443573,0
58.231399059295654,64
58.242671489715576,0
58.25394558906555,64
58.26541757583618,64
58.2765896320343,0
58.287734031677246,0
58.29887270927429,192
58.310011863708496,0
58.32115817070007,0
58.33229851722717,0
58.343440771102905,0
58.35461711883545,0
58.36588191986084,0
58.37718057632446,64
58.38846468925476,0
58.39974856376648,64
58.41102433204651,64
58.42230010032654,128
58.43357062339783,0
58.44485425949097,0
58.456133127212524,64
58.46753239631653,0
58.478699684143066,0
58.4898726940155,0
58.501015424728394,192
58.5121545791626,0
58.52329659461975,128
58.53443646430969,64
58.545636892318726,0
58.55678176879883,64
58.56803607940674,0
58.57935357093811,64
58.5906400680542,64
58.60191774368286,0
58.613192558288574,64
58.62447214126587,0
58.6357421875,0
58.647024154663086,0
58.65831685066223,64
58.669721364974976,0
58.68088746070862,128
58.69203209877014,64
58.70316743850708,0
58.71430230140686,128
58.72550415992737,64
58.736645221710205,128
58.74777889251709,128
58.75891661643982,64
58.77016735076904,128
58.78146243095398,64
58.792747020721436,128
58.804022550582886,0
58.81546211242676,128
58.8267822265625,64
58.83806586265564,64
58.849355936050415,0
58.860633850097656,0
58.8720498085022,64
58.883217096328735,64
58.89436316490173,0
58.90558743476868,64
58.91673302650452,0
58.92787051200867,0
58.93900918960571,0
58.950143814086914,0
58.961281299591064,64
58.97253489494324,64
58.98384070396423,0
58.99514412879944,128
59.006460428237915,0
59.01774859428406,64
59.02902317047119,64
59.04029440879822,0
59.05156373977661,64
59.062844038009644,64
59.07424330711365,64
59.085569858551025,0
59.09674000740051,0
59.107882261276245,64
59.11902189254761,64
59.13015937805176,0
59.141297578811646,128
59.15243101119995,0
59.163567781448364,0
59.174832582473755,0
59.186134815216064,64
59.19741678237915,128
59.20869183540344,64
59.21996879577637,0
59.23124146461487,0
59.24251747131348,64
59.2537944316864,128
59.26507067680359,64
59.276472091674805,128
59.287635803222656,128
59.2987802028656,0
59.309914112091064,0
59.321049213409424,0
59.33218193054199,128
59.343321084976196,64
59.35446119308472,64
59.36561179161072,0
59.37686634063721,0
59.388169050216675,0
59.39945077896118,64
59.41072654724121,128
59.42201089859009,0
59.43328404426575,0
59.444626569747925,0
59.4559109210968,0
59.467188596725464,64
59.478590965270996,64
59.489760398864746,128
59.5009069442749,0
59.51204442977905,0
59.52318024635315,0
59.53431558609009,64
59.54549860954285,0
59.55663442611694,64
59.56776976585388,0
59.57901978492737,0
59.590325117111206,0
59.60161328315735,0
59.6128888130188,0
59.62416362762451,0
59.63550901412964,128
59.64678406715393,0
59.658055782318115,0
59.669328689575195,0
59.68074584007263,64
59.69194984436035,128
59.703099489212036,0
59.71423959732056,128
59.72541904449463,128
59.73656487464905,0
59.747705698013306,64
59.758841037750244,0
59.76997375488281,0
59.78123354911804,128
59.792531967163086,0
59.803813457489014,128
59.815096855163574,0
59.82637286186218,64
59.83765149116516,64
59.848920583724976,0
59.86020636558533,64
59.871485233306885,64
59.882888317108154,64
59.89405536651611,128
59.90526247024536,0
59.91640615463257,128
59.927542209625244,0
59.938682079315186,64
59.94982171058655,0
59.96096062660217,128
59.97210121154785,128
59.98335599899292,64
59.99470567703247,0
60.00599479675293,0
60.01727652549744,0
60.02855038642883,64
60.03982996940613,64
60.05110239982605,0
60.062379360198975,64
60.073650598526,64
60.08505296707153,64
60.09622001647949,0
60.10736131668091,64
60.11852288246155,64
60.1296706199646,64
60.14081406593323,64
60.15195155143738,0
60.16308927536011,64
60.17422294616699,0
60.18556022644043,128
60.19687795639038,64
60.20816206932068,0
60.219441652297974,0
60.230719804763794,0
60.24200201034546,64
60.253276109695435,64
60.26460099220276,64
60.27588105201721,0
60.28731727600098,64
60.29849195480347,0
60.30963468551636,0
60.32077193260193,128
60.33190989494324,0
60.34305167198181,64
60.35418224334717,0
60.365445137023926,128
60.37660527229309,64
60.38779664039612,0
60.39893913269043,128
60.4100775718689,0
60.42121887207031,0
60.43235421180725,64
60.44348692893982,64
60.45465636253357,0
60.465797424316406,0
60.47693133354187,64
60.48819041252136,0
60.49949502944946,64
60.51077175140381,0
60.52204751968384,128
60.53332185745239,64
60.544660568237305,64
60.55595254898071,0
60.567225217819214,128
60.578505992889404,64
60.589906454086304,0
60.60106945037842,0
60.61221361160278,64
60.62353277206421,64
60.634724617004395,0
60.645872354507446,64
60.657015800476074,0
60.668147802352905,128
60.679391860961914,0
60.69068956375122,64
60.701884746551514,0
60.71303606033325,0
60.72418689727783,128
60.73537874221802,128
60.74652314186096,64
60.757662773132324,0
60.768798828125,128
60.779937505722046,0
60.791205406188965,0
60.802507162094116,128
60.813785791397095,0
60.82505965232849,0
60.83634829521179,64
60.84762167930603,0
60.85889005661011,0
60.870168924331665,64
60.88144516944885,0
60.892902851104736,0
60.90408706665039,0
60.91535973548889,0
60.926513671875,0
60.93765449523926,0
60.94879221916199,0
60.95994305610657,0
60.97108435630798,128
60.98222374916077,0
60.993419885635376,128
61.00459623336792,0
61.01583003997803,0
61.02698993682861,0
61.038137435913086,128
61.04928255081177,0
61.06042289733887,0
61.07156443595886,0
61.08282113075256,0
61.09413814544678,0
61.10552740097046,0
61.11685085296631,0
61.128151178359985,0
61.13943791389465,64
61.150721311569214,0
61.162034034729004,64
61.17331600189209,0
61.18464159965515,64
61.1960654258728,64
61.20724081993103,0
61.21839427947998,0
61.22953772544861,0
61.24067425727844,0
61.251808166503906,64
61.262945890426636,128
61.274083852767944,0
61.285279989242554,128
61.29654574394226,192
61.30785369873047,64
61.319135904312134,0
61.330408811569214,0
61.3416793346405,64
61.35295796394348,0
61.364229917526245,0
61.37554597854614,0
61.3868248462677,64
61.398234128952026,64
61.40939807891846,64
61.420541524887085,0
61.43171501159668,0
61.44285821914673,128
61.4539897441864,0
61.4651882648468,64
61.47633671760559,64
61.48751163482666,0
61.49871206283569,192
61.509854316711426,64
61.5209903717041,64
61.53212523460388,128
61.543253660202026,0
61.55439209938049,64
61.565577268600464,64
61.57671642303467,0
61.58785533905029,64
61.59911227226257,0
61.61041474342346,0
61.62168836593628,0
61.63296627998352,0
61.64425230026245,64
61.65560507774353,64
61.66688513755798,64
61.67815947532654,0
61.689427852630615,0
61.700825214385986,64
61.711989641189575,128
61.723151206970215,0
61.734295129776,64
61.74548077583313,192
61.756622552871704,128
61.76775789260864,0
61.77889394760132,128
61.790032148361206,64
61.80128455162048,0
61.812591314315796,0
61.82387447357178,64
61.83515214920044,64
61.846435546875,64
61.85771632194519,64
61.86898946762085,0
61.880269050598145,64
61.89154362678528,128
61.90295124053955,64
61.914124965667725,192
61.925321102142334,0
61.93646311759949,0
61.94760036468506,0
61.95873308181763,0
61.969871044158936,0
61.981019020080566,0
61.99215626716614,64
62.00340557098389,64
62.01477289199829,0
62.026062965393066,0
62.03733944892883,64
62.04861640930176,64
62.05989170074463,64
62.0711624622345,0
62.082427978515625,64
62.0937283039093,0
62.10513734817505,0
62.11630964279175,128
62.12745928764343,0
62.13860297203064,128
62.149738788604736,128
62.160879611968994,64
62.17202138900757,192
62.18315935134888,64
62.194294691085815,0
62.20563340187073,0
62.21694326400757,0
62.22823357582092,64
62.23951745033264,0
62.25079560279846,64
62.26207113265991,0
62.27334475517273,0
62.284672498703,0
62.295969009399414,64
62.30737805366516,64
62.31853675842285,0
62.32968258857727,64
62.340824604034424,0
62.35195732116699,0
62.36309242248535,64
62.37423229217529,0
62.38542938232422,0
62.396568059921265,0
62.40781855583191,0
62.41913652420044,64
62.430418729782104,64
62.4416937828064,64
62.45297122001648,128
62.464245080947876,0
62.47556209564209,64
62.486852407455444,64
62.49813795089722,128
62.509538888931274,128
62.5207040309906,0
62.53184986114502,128
62.542990922927856,64
62.55412673950195,0
62.5653293132782,0
62.57647204399109,0
62.58760905265808,0
62.59874415397644,0
62.60999608039856,64
62.62130379676819,0
62.632587909698486,0
62.643864154815674,0
62.65514326095581,64
62.666425466537476,0
62.677696228027344,0
62.68899941444397,64
62.70027565956116,0
62.71167469024658,64
62.72283697128296,0
62.733980655670166,128
62.74519419670105,0
62.75634574890137,0
62.76749134063721,64
62.77862882614136,128
62.78976130485535,0
62.800899028778076,128
62.812153339385986,128
62.82345700263977,128
62.83474564552307,0
62.84602379798889,0
62.85729718208313,128
62.86857032775879,64
62.87984037399292,64
62.89111328125,0
62.90238976478577,0
62.91378688812256,0
62.924954414367676,0
62.93610739707947,64
62.94723892211914,0
62.95837354660034,0
62.96950817108154,0
62.98065114021301,0
62.99178910255432,0
63.00292468070984,0
63.01417398452759,128
63.0255401134491,0
63.036821126937866,128
63.04809808731079,64
63.05937838554382,0
63.07064771652222,0
63.081923723220825,128
63.09319257736206,0
63.10447335243225,0
63.11575269699097,64
63.126906871795654,0
63.13804864883423,0
63.14918518066406,0
63.160322427749634,0
63.17146587371826,128
63.182607889175415,128
63.193745136260986,0
63.20488238334656,0
63.21612596511841,0
63.22742509841919,0
63.23874568939209,64
63.250030279159546,0
63.26131629943848,0
63.27259135246277,0
63.283862590789795,0
63.295164823532104,0
63.306453227996826,64
63.31786346435547,128
63.32903337478638,64
63.34018898010254,64
63.35132884979248,0
63.36246347427368,0
63.37359690666199,0
63.38473057746887,0
63.39586400985718,128
63.406999349594116,0
63.41825294494629,128
63.42955255508423,0
63.44085502624512,64
63.45213985443115,64
63.4634222984314,64
63.47476053237915,0
63.486043214797974,64
63.49732542037964,0
63.508596420288086,0
63.52001476287842,0
63.53118133544922,0
63.54233741760254,64
63.55347490310669,0
63.56465005874634,0
63.57579684257507,0
63.58693528175354,192
63.59807109832764,0
63.60921120643616,64
63.62046408653259,0
63.63177037239075,128
63.64305329322815,64
63.6543333530426,0
63.665680170059204,0
63.67696261405945,64
63.688244104385376,64
63.699522972106934,64
63.71079468727112,64
63.72219109535217,64
63.73335909843445,0
63.74450469017029,0
63.755651235580444,0
63.76679348945618,0
63.777937173843384,128
63.78907561302185,0
63.80021595954895,128
63.81135296821594,128
63.822603940963745,0
63.8339056968689,64
63.8452422618866,0
63.85652208328247,0
63.86779570579529,64
63.87906813621521,0
63.89036321640015,0
63.90163826942444,64
63.91290783882141,0
63.92430758476257,0
63.935524463653564,0
63.94668626785278,64
63.957834243774414,128
63.96897482872009,64
63.98011565208435,64
63.9912531375885,0
64.0023832321167,0
64.01351141929626,64
64.02476692199707,192
64.0360655784607,0
64.0473461151123,0
64.0586245059967,0
64.06989789009094,0
64.08117055892944,64
64.09244418144226,64
64.10379600524902,64
64.11510133743286,192
64.12640142440796,128
64.13757014274597,0
64.1487226486206,192
64.15986156463623,192
64.1709954738617,0
64.18213605880737,0
64.19327068328857,64
64.2044107913971,128
64.21561932563782,0
64.22688031196594,128
64.23818516731262,0
64.24947047233582,128
64.26074886322021,0
64.27202725410461,64
64.28332471847534,0
64.29465317726135,64
64.30594062805176,0
64.31722021102905,192
64.32861757278442,0
64.33978343009949,0
64.35093307495117,128
64.36211228370667,64
64.37326169013977,0
64.38439655303955,0
64.39560723304749,64
64.4067497253418,64
64.4178831577301,128
64.42914915084839,0
64.44044756889343,64
64.45173358917236,0
64.46302890777588,0
64.47430539131165,64
64.48564314842224,0
64.49696969985962,128
64.50825810432434,0
64.5195324420929,128
64.530935049057,0
64.54211401939392,128
64.55326414108276,0
64.56440114974976,128
64.57560443878174,0
64.58674788475037,128
64.59788084030151,0
64.6090133190155,0
64.62014150619507,64
64.63139390945435,0
64.64269065856934,0
64.6539740562439,0
64.66530179977417,0
64.67657804489136,128
64.68785071372986,64
64.69911909103394,0
64.7103898525238,0
64.72166657447815,0
64.7330687046051,64
64.74424767494202,0
64.75545716285706,0
64.76660084724426,0
64.77774167060852,128
64.7888810634613,0
64.8000283241272,64
64.81117248535156,64
64.82230877876282,64
64.83356046676636,0
64.84486603736877,0
64.85615563392639,128
64.86742568016052,0
64.8786928653717,0
64.889972448349,64
64.90124464035034,0
64.91251182556152,0
64.92378449440002,0
64.93525409698486,0
64.9464259147644,0
64.95757126808167,0
64.96871829032898,0
64.97986173629761,0
64.99099659919739,64
65.00213193893433,0
65.01326441764832,0
65.02440166473389,0
65.0357084274292,128
65.04701018333435,64
65.05828905105591,0
65.06955766677856,0
65.0808277130127,0
65.09212827682495,64
65.1034038066864,0
65.11494994163513,0
65.12627673149109,0
65.13755989074707,192
65.14870738983154,128
65.15984177589417,64
65.17097282409668,64
65.18209171295166,0
65.19321918487549,128
65.20435762405396,0
65.21553206443787,0
65.22666430473328,64
65.23796010017395,64
65.24922800064087,64
65.26049566268921,64
65.27176117897034,128
65.28302359580994,64
65.29428744316101,0
65.30560564994812,0
65.31691122055054,128
65.32819056510925,0
65.33958601951599,0
65.35073494911194,0
65.36187219619751,0
65.37300276756287,64
65.38412880897522,192
65.39530444145203,0
65.40643548965454,128
65.41831660270691,64
65.42991995811462,128
65.44243931770325,0
65.45429682731628,128
65.46613955497742,128
65.47820711135864,0
65.48945736885071,0
65.5006091594696,64
65.51175594329834,0
65.52291202545166,128
65.53405523300171,64
65.54528498649597,64
65.5564239025116,0
65.56757378578186,0
65.57870101928711,0
65.58982706069946,0
65.60095763206482,64
65.61208724975586,64
65.62321496009827,0
65.63434028625488,64
65.64564228057861,0
65.65693473815918,64
65.66820621490479,0
65.67946815490723,64
65.69073390960693,0
65.70203876495361,64
65.71330881118774,0
65.72462153434753,0
65.7359037399292,128
65.74731206893921,64
65.75847148895264,128
65.76961278915405,192
65.78074407577515,64
65.79187273979187,0
65.80299687385559,128
65.81412315368652,192
65.82531142234802,64
65.83644080162048,0
65.84768056869507,128
65.8589735031128,64
65.8702461719513,128
65.88151526451111,45184
65.89278054237366,45120
65.90405416488647,45056
65.91536474227905,45056
65.9266312122345,45120
65.93790197372437,45184
65.94928693771362,45120
65.96044135093689,45056
65.9715735912323,44928
65.98270773887634,45120
65.99384379386902,44992
66.00497817993164,45056
66.01611065864563,45056
66.02723479270935,45120
66.03836059570312,44928
66.04959893226624,44992
66.06088781356812,44992
66.07215785980225,45120
66.08342576026917,45120
66.09473943710327,45056
66.10601472854614,45056
66.11752700805664,44928
66.12880539894104,44992
66.14007592201233,45056
66.15146899223328,45184
66.16262364387512,44992
66.17375802993774,44992
66.18489170074463,45056
66.19601798057556,45120
66.2071418762207,45120
66.21826958656311,44928
66.22939610481262,44928
66.24053025245667,45056
66.25176572799683,45120
66.26305961608887,44992
66.27433276176453,44992
66.28565907478333,44928
66.29696011543274,45056
66.30822086334229,44992
66.31948637962341,44928
66.33075213432312,44992
66.34202265739441,45056
66.35341310501099,44928
66.36463618278503,44928
66.37578535079956,44992
66.38691473007202,44992
66.39804410934448,44928
66.40917468070984,45056
66.42030143737793,44992
66.43143129348755,45056
66.44265604019165,45056
66.45392322540283,45056
66.46526265144348,44928
66.47654271125793,44928
66.48781132698059,45056
66.49908185005188,44928
66.51034188270569,44928
66.52160406112671,44992
66.53286695480347,45056
66.5441300868988,44928
66.55556917190552,45056
66.56672883033752,44928
66.57786774635315,44992
66.58899855613708,44928
66.60012412071228,45056
66.61124897003174,44992
66.62238216400146,44992
66.63350701332092,44992
66.64467215538025,44992
66.6559247970581,45056
66.66721320152283,45056
66.67848515510559,44992
66.68975257873535,44928
66.70102024078369,44864
66.71228313446045,44928
66.72354102134705,44992
66.73485565185547,44928
66.74614644050598,44928
66.75753855705261,44992
66.76870322227478,45056
66.77984738349915,44928
66.79097533226013,44992
66.80210041999817,44864
66.81323146820068,44928
66.82436394691467,44992
66.83554172515869,45056
66.8466784954071,44992
66.8579249382019,44928
66.8692147731781,44864
66.88048648834229,44928
66.89175176620483,44928
66.90305209159851,45056
66.9143180847168,44928
66.92563104629517,44928
66.9368999004364,44992
66.94816184043884,44928
66.95955181121826,44864
66.97070670127869,44992
66.98184394836426,45056
66.9929723739624,44864
67.00409841537476,44928
67.01527976989746,44992
67.02642440795898,44928
67.03755378723145,44928
67.04868078231812,44864
67.05992984771729,45056
67.07122087478638,44992
67.0824944972992,44864
67.09375977516174,44992
67.1050329208374,44928
67.11639738082886,44928
67.12805771827698,44864
67.13947415351868,44864
67.15078139305115,44928
67.16219019889832,45056
67.17337393760681,44864
67.18452095985413,44928
67.19571375846863,44864
67.20684719085693,44928
67.21798467636108,44992
67.22910785675049,44864
67.24022960662842,45056
67.25135707855225,44992
67.26260375976562,45056
67.27389454841614,44928
67.28521466255188,44864
67.29648494720459,44928
67.30774664878845,44864
67.31900835037231,44992
67.33027148246765,44992
67.34153532981873,44928
67.35279750823975,44992
67.36418986320496,44864
67.37539291381836,44864
67.38653469085693,44992
67.39769411087036,44864
67.40883040428162,44992
67.41996645927429,44992
67.43108940124512,44928
67.44221591949463,44928
67.45333886146545,44992
67.46462273597717,44928
67.47591590881348,44992
67.48718762397766,44992
67.49849009513855,44928
67.50975799560547,44864
67.5210268497467,44928
67.53229284286499,45056
67.54355812072754,45056
67.55482697486877,44864
67.56621718406677,44928
67.57736802101135,44864
67.58849811553955,44864
67.59962630271912,44928
67.61075234413147,44992
67.62188673019409,44864
67.63301110267639,44928
67.64413285255432,44864
67.65531015396118,44864
67.66654753684998,44928
67.67783045768738,44928
67.68909645080566,44928
67.7003583908081,44864
67.7116208076477,44928
67.72287678718567,45056
67.73413276672363,44992
67.74544167518616,44928
67.75670790672302,44928
67.76809644699097,44864
67.77924680709839,44992
67.79037547111511,44864
67.80150413513184,44992
67.81262421607971,44992
67.82374691963196,44800
67.83486747741699,44864
67.84599804878235,44928
67.85712623596191,44928
67.86836528778076,44992
67.87965226173401,44864
67.89092063903809,44992
67.90218091011047,44992
67.91344285011292,44992
67.92475199699402,44992
67.93605661392212,44992
67.9473204612732,44928
67.95859503746033,44928
67.96998023986816,45056
67.9811339378357,44928
67.99226307868958,44928
68.00339460372925,44864
68.0145218372345,44864
68.02569603919983,44864
68.03682351112366,44928
68.04795289039612,44992
68.05907607078552,44928
68.07031345367432,44864
68.08159756660461,44928
68.09286189079285,44928
68.10416078567505,44864
68.11548089981079,44864
68.1267638206482,44864
68.138028383255,44864
68.1492919921875,44800
68.16055583953857,44928
68.17195081710815,44928
68.18310308456421,44800
68.19423413276672,44928
68.20541000366211,44928
68.21653890609741,44928
68.22766613960266,44992
68.23879361152649,44800
68.24992060661316,44864
68.2610514163971,44800
68.2722864151001,44992
68.28357481956482,44928
68.2948477268219,44928
68.30611777305603,44864
68.31737685203552,44800
68.32864117622375,44928
68.3399109840393,44864
68.35117244720459,44864
68.36243271827698,44864
68.3738145828247,44864
68.38497495651245,44992
68.39610075950623,44864
68.40722560882568,44864
68.41835761070251,44864
68.42948246002197,44864
68.44063234329224,44992
68.45176243782043,44864
68.4628894329071,44864
68.47412467002869,44992
68.48551821708679,44992
68.4968044757843,44800
68.50806856155396,44928
68.51935076713562,44992
68.53061985969543,44864
68.54189991950989,44864
68.5531656742096,44864
68.56443500518799,44992
68.57582187652588,44992
68.58697271347046,44928
68.59814500808716,44992
68.60928106307983,44864
68.62040567398071,44928
68.63153266906738,44992
68.64266228675842,44928
68.6537868976593,44928
68.66491317749023,44928
68.67615747451782,44864
68.68744421005249,44992
68.69874882698059,44864
68.71001935005188,44864
68.72128486633301,44864
68.73254346847534,44928
68.74380922317505,44864
68.75507712364197,44864
68.76633620262146,44928
68.77771925926208,44864
68.78887224197388,44864
68.8000020980835,44864
68.81113052368164,44928
68.82225632667542,44864
68.83338713645935,44800
68.84451341629028,44864
68.85564827919006,44864
68.86678218841553,44864
68.87802076339722,44800
68.88930916786194,44864
68.90058183670044,44864
68.91184568405151,44928
68.9231059551239,44928
68.9344596862793,44992
68.9457356929779,44864
68.95700240135193,44928
68.96826410293579,44864
68.97964668273926,44928
68.990802526474,44928
69.00193667411804,44864
69.01306319236755,44864
69.02418828010559,44928
69.03536319732666,44800
69.0464940071106,44800
69.05761933326721,44992
69.06874418258667,44864
69.07998394966125,44864
69.09127187728882,44928
69.10253930091858,44928
69.11379957199097,44864
69.12507462501526,44800
69.13632941246033,44928
69.14759302139282,44928
69.15885472297668,44800
69.17011380195618,44864
69.18150019645691,44992
69.19265389442444,44864
69.20378804206848,44800
69.21491694450378,44864
69.22603559494019,44864
69.23722577095032,44928
69.24837231636047,44864
69.25950264930725,44864
69.27062487602234,44800
69.28180003166199,44864
69.29293417930603,44992
69.30408263206482,44928
69.31526756286621,44928
69.3264091014862,44928
69.33753800392151,44864
69.34866666793823,44928
69.35982155799866,44928
69.37095427513123,44992
69.3821964263916,44928
69.39348006248474,44800
69.40475034713745,44864
69.41601467132568,44864
69.42728185653687,44864
69.43858313560486,44992
69.44985365867615,44800
69.46111536026001,44864
69.47237610816956,44864
69.4838125705719,44928
69.49498748779297,44928
69.50613069534302,44800
69.51725888252258,44928
69.52839207649231,44928
69.53952026367188,44928
69.55064702033997,44864
69.56178832054138,44928
69.57292342185974,44800
69.5841634273529,44928
69.59550619125366,44864
69.60678386688232,44800
69.6180489063263,44864
69.62930989265442,44928
69.64056968688965,44864
69.65183997154236,44928
69.66310811042786,44800
69.67437195777893,44928
69.68587923049927,44864
69.6970603466034,44928
69.70822095870972,44864
69.71936631202698,44928
69.73051381111145,44800
69.74167084693909,44864
69.75281858444214,44800
69.76396703720093,44928
69.77519369125366,44928
69.78639841079712,44992
69.79754853248596,44864
69.80870175361633,44928
69.81984996795654,44928
69.83100247383118,44800
69.84215760231018,44800
69.85330128669739,44928
69.86444592475891,44800
69.8756160736084,44928
69.88689613342285,44864
69.89826560020447,44864
69.90959310531616,44928
69.92091059684753,44800
69.93222069740295,44992
69.94353199005127,44800
69.95484900474548,44864
69.96615934371948,44864
69.97746086120605,44800
69.98890614509583,44928
70.00010585784912,44800
70.01127815246582,44928
70.02244305610657,44992
70.03361296653748,44800
70.0447826385498,44800
70.05593991279602,44928
70.0671112537384,44800
70.078280210495,44928
70.08949732780457,44864
70.10066938400269,44864
70.11183857917786,44928
70.12299942970276,44928
70.13416242599487,44928
70.14539551734924,44928
70.15656423568726,44928
70.16772890090942,44928
70.1788957118988,44928
70.19017267227173,44992
70.20150566101074,44928
70.21281409263611,44928
70.22412204742432,44864
70.23547959327698,44928
70.24688148498535,44864
70.25821423530579,44864
70.26953220367432,44928
70.28086185455322,44864
70.292316198349,44928
70.30351734161377,44864
70.3147394657135,44864
70.32589721679688,44928
70.3370361328125,44992
70.3481764793396,44928
70.35931849479675,44928
70.37046122550964,44864
70.38159847259521,44864
70.39278435707092,44864
70.4039261341095,44864
70.41506934165955,44928
70.42620968818665,44800
70.43734860420227,44864
70.44848942756653,44928
70.45961856842041,44800
70.47075343132019,44928
70.48188591003418,44800
70.49314403533936,44800
70.50448083877563,44800
70.51579546928406,44864
70.5270836353302,64
70.53836059570312,0
70.54962611198425,0
70.56091117858887,64
70.57218050956726,128
70.58345937728882,64
70.59488224983215,64
70.60607981681824,0
70.61723446846008,0
70.62853908538818,0
70.63968634605408,64
70.65083360671997,0
70.66196799278259,0
70.67310166358948,128
70.68423867225647,128
70.69550108909607,128
70.70664048194885,128
70.7177791595459,64
70.72891664505005,64
70.74005341529846,64
70.75118589401245,192
70.76232075691223,64
70.77346158027649,0
70.78463578224182,64
70.79589867591858,0
70.80720591545105,128
70.8184883594513,64
70.829763174057,0
70.84104037284851,64
70.85232019424438,64
70.863596200943,64
70.87486982345581,0
70.88614845275879,0
70.89754390716553,0
70.90871739387512,64
70.91985893249512,0
70.9310040473938,64
70.94214606285095,0
70.95327687263489,0
70.96441221237183,64
70.9756133556366,64
70.9867491722107,128
70.99799919128418,128
71.00930547714233,0
71.02059268951416,64
71.03190159797668,0
71.04317879676819,64
71.05445432662964,0
71.0657274723053,128
71.07700204849243,64
71.08828496932983,0
71.09955668449402,0
71.11071801185608,0
71.12188982963562,0
71.13303709030151,64
71.14416933059692,0
71.15537428855896,0
71.16651940345764,64
71.17765426635742,64
71.18878483772278,0
71.20004510879517,0
71.21135330200195,128
71.2226390838623,128
71.23391485214233,64
71.24524402618408,0
71.25652432441711,0
71.26779770851135,64
71.27906727790833,64
71.29034686088562,64
71.30175566673279,64
71.31291556358337,0
71.32405543327332,0
71.33524870872498,0
71.3463966846466,128
71.35753345489502,64
71.3686740398407,0
71.3798201084137,128
71.39096546173096,128
71.40221643447876,0
71.41352105140686,64
71.42480397224426,0
71.4360945224762,0
71.44736647605896,0
71.45864200592041,128
71.4699239730835,128
71.48119354248047,64
71.49247622489929,128
71.50387811660767,0
71.51505327224731,64
71.52620339393616,64
71.537344455719,64
71.54848766326904,128
71.55967211723328,0
71.57082033157349,64
71.58196425437927,64
71.59310722351074,128
71.60437488555908,64
71.61573886871338,64
71.62702870368958,0
71.63831162452698,64
71.6495885848999,0
71.66086339950562,0
71.67214250564575,64
71.68341517448425,64
71.6947340965271,0
71.70621418952942,64
71.71738839149475,0
71.72853326797485,128
71.73967719078064,128
71.75081896781921,64
71.76195693016052,192
71.7730941772461,64
71.78423547744751,192
71.79543018341064,0
71.80668830871582,0
71.81799125671387,0
71.82927632331848,0
71.84054732322693,0
71.85181927680969,42816
71.86309456825256,42176
71.87437200546265,41920
71.88570809364319,0
71.89698672294617,128
71.90839433670044,64
71.91956210136414,128
71.93070340156555,192
71.94184398651123,0
71.95298528671265,128
71.9641215801239,0
71.97531223297119,0
71.98645901679993,64
71.99759483337402,0
72.0088438987732,128
72.02014255523682,0
72.03142833709717,64
72.0427074432373,0
72.05398941040039,64
72.06531620025635,0
72.07659840583801,64
72.08787560462952,0
72.09915137290955,0
72.11056470870972,128
72.12173247337341,0
72.13288402557373,192
72.14402627944946,0
72.15521812438965,0
72.16636109352112,0
72.17749786376953,0
72.18863272666931,64
72.19976592063904,0
72.21102261543274,128
72.22233200073242,0
72.23361778259277,64
72.24490666389465,64
72.25619673728943,64
72.26747250556946,0
72.27875208854675,64
72.29002976417542,64
72.30132222175598,64
72.31273078918457,0
72.32389569282532,0
72.33504486083984,0
72.34618139266968,0
72.3573248386383,192
72.36846876144409,0
72.37960648536682,128
72.39074897766113,64
72.40188980102539,0
72.41314029693604,192
72.42444062232971,128
72.43572616577148,0
72.44700574874878,0
72.45827770233154,64
72.4695475101471,0
72.48082685470581,0
72.49211120605469,0
72.50338768959045,0
72.51479268074036,0
72.525963306427,0
72.537109375,64
72.54824614524841,0
72.55938363075256,0
72.57052063941956,0
72.58165669441223,0
72.59279036521912,0
72.6039526462555,128
72.61531209945679,64
72.62663340568542,128
72.63792037963867,64
72.64920902252197,128
72.66048407554626,64
72.67175507545471,0
72.68304014205933,128
72.69431829452515,0
72.70563793182373,0
72.71704149246216,64
72.72820901870728,0
72.7393548488617,192
72.7504894733429,128
72.76162958145142,0
72.77276635169983,0
72.78390049934387,128
72.79503560066223,0
72.8061671257019,0
72.81741404533386,192
72.82871651649475,0
72.84000444412231,64
72.85127997398376,0
72.86255288124084,0
72.87381744384766,128
72.88509607315063,64
72.89636945724487,0
72.90766930580139,64
72.91907691955566,0
72.93024277687073,0
72.94138193130493,128
72.95251822471619,0
72.96365165710449,0
72.97479248046875,192
72.98593211174011,0
72.997065782547,0
73.00820469856262,128
73.01945090293884,0
73.03074836730957,0
73.04202842712402,64
73.05330801010132,0
73.06464791297913,0
73.07592844963074,64
73.08720707893372,0
73.09847950935364,0
73.10975217819214,0
73.12115120887756,0
73.13232231140137,0
73.14346647262573,128
73.15464425086975,64
73.16579723358154,0
73.17693758010864,64
73.18807220458984,128
73.199209690094,64
73.21034860610962,64
73.22159719467163,0
73.23289394378662,0
73.24417662620544,0
73.25551891326904,0
73.26679754257202,0
73.2780692577362,0
73.28935098648071,192
73.300626039505,0
73.31196999549866,0
73.32340288162231,64
73.33461403846741,128
73.34577584266663,0
73.3569233417511,0
73.36806035041809,64
73.37920045852661,0
73.39033126831055,0
73.40146470069885,64
73.41260695457458,192
73.42385768890381,0
73.43526840209961,64
73.44657135009766,0
73.45785355567932,64
73.46913051605225,64
73.48039889335632,0
73.49167656898499,128
73.50298571586609,128
73.51426696777344,64
73.52572822570801,0
73.53689670562744,0
73.54803967475891,0
73.55917263031006,0
73.57030701637268,0
73.58144569396973,0
73.5925841331482,128
73.60371971130371,64
73.61486411094666,0
73.62611937522888,128
73.63747310638428,64
73.64876961708069,0
73.66004967689514,45056
73.67132043838501,44928
73.68260097503662,44928
73.69388151168823,44992
73.70516204833984,45120
73.7164454460144,44928
73.72785544395447,44928
73.73902535438538,44928
73.75017404556274,44928
73.76135039329529,44864
73.77249240875244,45120
73.78363585472107,45056
73.79477286338806,44992
73.80591034889221,44928
73.81716823577881,44864
73.82838153839111,44992
73.83953166007996,44928
73.85067081451416,44992
73.86181259155273,44992
73.87295007705688,44864
73.8840811252594,44864
73.89528894424438,44864
73.90643620491028,44800
73.91756677627563,44928
73.92881870269775,44928
73.94013094902039,44928
73.95141530036926,44928
73.96268653869629,44928
73.97396469116211,44928
73.9852864742279,44864
73.99657011032104,0
74.00784254074097,64
74.01912045478821,64
74.03051948547363,64
74.04168701171875,64
74.0528290271759,128
74.06396222114563,0
74.07509541511536,0
74.08624029159546,64
74.09737277030945,0
74.1085352897644,0
74.11967635154724,0
74.13094139099121,0
74.1422472000122,0
74.15353989601135,64
74.16481947898865,0
74.17609882354736,0
74.18736958503723,0
74.19863986968994,0
74.20991492271423,0
74.22118806838989,64
74.23259735107422,64
74.24376368522644,128
74.25491118431091,128
74.26605367660522,0
74.27719044685364,0
74.28833317756653,0
74.29946541786194,128
74.31060194969177,0
74.32173728942871,64
74.33298802375793,0
74.34428644180298,0
74.35563135147095,0
74.3669102191925,64
74.37818098068237,0
74.38945603370667,64
74.40072894096375,64
74.41200923919678,0
74.42327785491943,0
74.43471336364746,64
74.44589829444885,64
74.45704627037048,64
74.46818089485168,0
74.47931671142578,64
74.49046087265015,64
74.5016040802002,64
74.51274132728577,128
74.52387642860413,0
74.53519105911255,0
74.5464985370636,64
74.55778503417969,0
74.56906151771545,128
74.58033490180969,0
74.59160828590393,64
74.60288286209106,64
74.61416029930115,64
74.62547707557678,64
74.63688349723816,128
74.64805269241333,64
74.65921401977539,0
74.67035746574402,128
74.68155527114868,0
74.69270300865173,64
74.70386600494385,0
74.71500635147095,0
74.72614026069641,0
74.73740243911743,64
74.74870109558105,64
74.76000046730042,64
74.77128601074219,64
74.78256702423096,0
74.79384565353394,128
74.80512404441833,0
74.81640720367432,0
74.82768154144287,64
74.83908891677856,0
74.85026025772095,192
74.86140489578247,128
74.87254548072815,0
74.88368654251099,192
74.8948278427124,0
74.90596342086792,64
74.91709780693054,0
74.92823266983032,0
74.93948245048523,0
74.9507839679718,0
74.96206831932068,64
74.9733521938324,0
74.98468971252441,0
74.99598240852356,0
75.0072615146637,64
75.01853156089783,64
75.02980256080627,0
75.04121971130371,0
75.05238890647888,192
75.06352972984314,0
75.07470393180847,64
75.08584189414978,0
75.09698128700256,128
75.10811400413513,0
75.11925315856934,128
75.13039135932922,0
75.14163947105408,64
75.15293335914612,0
75.16421914100647,64
75.17557120323181,64
75.18685030937195,0
75.19812440872192,0
75.20940327644348,0
75.22068166732788,0
75.2319564819336,64
75.24337339401245,64
75.2545793056488,0
75.26573538780212,128
75.27687501907349,0
75.28801369667053,0
75.29915165901184,0
75.31031107902527,0
75.32145619392395,64
75.33259677886963,0
75.34385061264038,0
75.35515904426575,128
75.36644697189331,0
75.3777277469635,0
75.389004945755,64
75.4002788066864,0
75.41155433654785,0
75.42283582687378,64
75.43410968780518,0
75.44555878639221,64
75.4567301273346,0
75.46787667274475,64
75.47901821136475,128
75.49015998840332,64
75.50130653381348,128
75.51244139671326,64
75.52357888221741,128
75.5347204208374,64
75.54598879814148,128
75.5572874546051,64
75.56857061386108,64
75.57985615730286,64
75.59113240242004,0
75.6024079322815,0
75.61368250846863,64
75.62496423721313,64
75.63624048233032,64
75.64764213562012,128
75.6588077545166,64
75.66994953155518,0
75.68109774589539,0
75.6922447681427,64
75.70338487625122,64
75.71452641487122,64
75.72584629058838,192
75.73700070381165,0
75.74818873405457,128
75.75933265686035,0
75.77046966552734,0
75.78160881996155,128
75.79274082183838,128
75.80387210845947,64
75.81500768661499,128
75.82613968849182,0
75.83727145195007,0
75.84852337837219,192
75.85981774330139,64
75.87109422683716,0
75.88236856460571,64
75.89364337921143,0
75.90494227409363,0
75.91622185707092,0
75.92749810218811,64
75.9387755393982,0
75.95017647743225,0
75.96134185791016,64
75.97248125076294,192
75.98361659049988,64
75.99475908279419,64
76.00590229034424,0
76.01703691482544,0
76.02817487716675,64
76.03930830955505,0
76.05056118965149,0
76.06187081336975,0
76.07315349578857,64
76.08442687988281,64
76.09576797485352,64
76.10704374313354,0
76.11831712722778,64
76.12961435317993,0
76.14088892936707,0
76.15229225158691,64
76.16345953941345,192
76.17464232444763,192
76.18579721450806,128
76.19693493843079,64
76.20807194709778,0
76.21920680999756,0
76.23034763336182,0
76.2414915561676,0
76.25274300575256,0
76.26404237747192,0
76.27539134025574,0
76.28667283058167,64
76.29794239997864,0
76.30922102928162,64
76.3204996585846,64
76.33177351951599,64
76.34304618835449,64
76.35445356369019,64
76.36565494537354,0
76.3768060207367,64
76.38803315162659,0
76.39919114112854,0
76.41033434867859,64
76.42149066925049,192
76.4326286315918,0
76.44375777244568,0
76.45500445365906,0
76.46630382537842,0
76.4775881767273,0
76.48887157440186,0
76.50015497207642,0
76.51147222518921,0
76.52275443077087,0
76.53402090072632,0
76.54537749290466,0
76.55679059028625,0
76.56796193122864,64
76.57910680770874,0
76.5902419090271,64
76.60138320922852,0
76.61251759529114,0
76.62365078926086,64
76.63478684425354,0
76.64592385292053,192
76.65717267990112,64
76.66847229003906,0
76.67975401878357,64
76.69102573394775,0
76.70232009887695,64
76.71359896659851,0
76.7248809337616,64
76.73615026473999,64
76.74741840362549,0
76.75885105133057,64
76.77001595497131,0
76.7811598777771,64
76.79230237007141,192
76.80344319343567,128
76.8146378993988,64
76.82579398155212,64
76.83695030212402,0
76.84808921813965,0
76.85933351516724,128
76.87063264846802,64
76.88191819190979,0
76.89319181442261,128
76.90447068214417,64
76.91574454307556,0
76.92702436447144,64
76.93829607963562,0
76.94957065582275,64
76.96096634864807,0
76.97212672233582,0
76.9832649230957,0
76.99440097808838,64
77.00560545921326,128
77.01675033569336,192
77.02789306640625,64
77.03903293609619,0
77.05017614364624,128
77.06143546104431,0
77.07274150848389,0
77.08402752876282,64
77.09535002708435,0
77.10665678977966,64
77.11793422698975,0
77.12921047210693,0
77.1404926776886,64
77.15176820755005,128
77.1631727218628,64
77.17434191703796,192
77.18555545806885,128
77.19669556617737,192
77.20784258842468,128
77.2189781665802,128
77.23011374473572,64
77.24125552177429,0
77.25239300727844,64
77.26364302635193,0
77.27494311332703,64
77.28623127937317,64
77.2975058555603,64
77.30877423286438,64
77.32004809379578,0
77.33132100105286,0
77.34259366989136,0
77.35386729240417,64
77.36534118652344,128
77.37650775909424,128
77.38765001296997,0
77.39878249168396,0
77.40991735458374,64
77.42104768753052,128
77.4322280883789,128
77.44337463378906,64
77.4545111656189,0
77.46570897102356,0
77.4768557548523,128
77.48799657821655,64
77.49913191795349,192
77.51026368141174,128
77.52141189575195,128
77.53254795074463,0
77.54368257522583,0
77.55482625961304,0
77.56608510017395,128
77.57739114761353,64
77.58867049217224,64
77.59995532035828,64
77.61122918128967,0
77.62250518798828,64
77.63377165794373,0
77.64505076408386,64
77.65632772445679,64
77.66772484779358,64
77.67888736724854,64
77.6900315284729,0
77.701167345047,192
77.71233248710632,128
77.72348284721375,0
77.73467111587524,128
77.74582767486572,64
77.75697112083435,64
77.768226146698,128
77.77954077720642,0
77.79082584381104,64
77.80213665962219,128
77.8134195804596,64
77.82473587989807,0
77.83602499961853,0
77.84730100631714,0
77.85858035087585,64
77.86998677253723,0
77.88115572929382,0
77.89229941368103,0
77.9034366607666,64
77.91462755203247,0
77.92577457427979,192
77.93690991401672,64
77.94804644584656,0
77.95918464660645,0
77.97043204307556,0
77.98173475265503,0
77.99301981925964,0
78.00430274009705,64
78.01562333106995,0
78.02690315246582,0
78.03818321228027,64
78.04946279525757,128
78.06073641777039,0
78.0721344947815,0
78.08330202102661,192
78.09444642066956,0
78.10564589500427,128
78.11679029464722,128
78.12793493270874,128
78.13907432556152,64
78.15021419525146,0
78.16135358810425,0
78.17260670661926,0
78.18391489982605,64
78.1952474117279,64
78.20652794837952,0
78.21780204772949,0
78.229083776474,64
78.24036383628845,64
78.2516405582428,64
78.26291537284851,128
78.27431893348694,0
78.28555679321289,64
78.2967095375061,128
78.30787301063538,0
78.3190188407898,64
78.33016085624695,128
78.34129881858826,0
78.3524329662323,0
78.3635687828064,128
78.37484312057495,128
78.38614630699158,0
78.39742684364319,64
78.40870928764343,0
78.41998767852783,0
78.43126797676086,64
78.44254636764526,0
78.45382189750671,64
78.46510148048401,0
78.47651290893555,128
78.48768186569214,0
78.49882292747498,0
78.50996255874634,0
78.52109694480896,0
78.53224182128906,64
78.54337692260742,64
78.55450940132141,0
78.56566071510315,64
78.57690763473511,0
78.58820462226868,0
78.59948706626892,0
78.61076974868774,128
78.62205052375793,128
78.63332009315491,64
78.64463591575623,0
78.65592074394226,128
78.6671941280365,64
78.67859148979187,0
78.68975496292114,128
78.70089840888977,0
78.71203374862671,0
78.72316884994507,128
78.73431062698364,64
78.7455198764801,64
78.75666356086731,64
78.76780319213867,0
78.779048204422,0
78.79034781455994,64
78.80163908004761,64
78.812917470932,64
78.82418823242188,64
78.83552098274231,0
78.84681224822998,64
78.85808968544006,64
78.86936163902283,0
78.8807725906372,0
78.89193868637085,0
78.9030818939209,192
78.91423487663269,0
78.92544603347778,0
78.93659400939941,0
78.94772791862488,0
78.9588634967804,128
78.97000288963318,0
78.98125743865967,128
78.9925639629364,0
79.00384879112244,0
79.01512432098389,0
79.0263979434967,64
79.03766775131226,64
79.0489399433136,0
79.06022810935974,64
79.07150053977966,0
79.08289670944214,0
79.09406447410583,0
79.10526490211487,64
79.11640906333923,192
79.12754797935486,0
79.1386866569519,0
79.14982151985168,0
79.16096091270447,64
79.1720986366272,64
79.18335461616516,64
79.19469976425171,128
79.20599293708801,128
79.2172966003418,0
79.22857522964478,128
79.23984956741333,64
79.25112843513489,64
79.26240158081055,64
79.273672580719,0
79.28507828712463,0
79.29624533653259,64
79.30738067626953,0
79.31851840019226,0
79.3296537399292,128
79.34078907966614,128
79.35192394256592,64
79.36306071281433,192
79.37420058250427,64
79.38552451133728,64
79.39683055877686,0
79.40811514854431,64
79.41939234733582,64
79.43066644668579,0
79.4419436454773,64
79.45329546928406,64
79.46463704109192,0
79.47597455978394,64
79.48718523979187,0
79.49834966659546,128
79.50952243804932,128
79.52067112922668,0
79.53181266784668,0
79.54294610023499,0
79.55408477783203,64
79.56529903411865,64
79.57644367218018,64
79.58769941329956,0
79.59899926185608,0
79.61027908325195,0
79.62155985832214,64
79.6328341960907,0
79.64410352706909,64
79.65542435646057,64
79.66669631004333,64
79.67797422409058,0
79.68937659263611,0
79.70054626464844,128
79.71172499656677,0
79.72286581993103,128
79.7339985370636,192
79.74518966674805,64
79.75634217262268,192
79.76748156547546,128
79.77861332893372,0
79.78986382484436,0
79.80117225646973,64
79.81245756149292,0
79.82372617721558,64
79.83500337600708,128
79.846275806427,64
79.85755038261414,0
79.86882019042969,0
79.88012838363647,0
79.8915319442749,64
79.9027087688446,128
79.91385531425476,128
79.92499136924744,64
79.93613028526306,64
79.94726514816284,192
79.95839953422546,0
79.96953296661377,0
79.9806637763977,128
79.99191308021545,128
80.00321531295776,64
80.01449680328369,0
80.02577829360962,64
80.03704881668091,0
80.04831600189209,0
80.05958795547485,0
80.07085847854614,64
80.08214235305786,0
80.09354400634766,0
80.10471153259277,128
80.11588668823242,64
80.12702512741089,64
80.1381664276123,0
80.14930248260498,64
80.16044759750366,64
80.17158460617065,64
80.18271899223328,0
80.19397330284119,0
80.20534253120422,0
80.21662640571594,0
80.22789859771729,0
80.23917818069458,64
80.2504529953003,0
80.26172208786011,64
80.27300310134888,64
80.28427505493164,0
80.2957239151001,0
80.30689668655396,128
80.31804323196411,0
80.32918691635132,192
80.3403308391571,128
80.35146403312683,128
80.36260533332825,128
80.37373876571655,128
80.38487577438354,192
80.3961193561554,0
80.40741920471191,128
80.41870188713074,64
80.42997574806213,0
80.44125819206238,64
80.45253467559814,64
80.46380805969238,0
80.47508120536804,0
80.48636102676392,0
80.49775767326355,0
80.50892090797424,0
80.52006506919861,128
80.53119969367981,64
80.54233169555664,0
80.55346775054932,0
80.56465744972229,0
80.57583498954773,0
80.58698606491089,0
80.59825539588928,0
80.60955572128296,64
80.62083840370178,0
80.63229966163635,128
80.64358639717102,64
80.65486717224121,64
80.66614866256714,0
80.67742538452148,64
80.68869376182556,0
80.70009517669678,0
80.71128940582275,192
80.72244238853455,0
80.73357915878296,128
80.74474143981934,64
80.75588655471802,0
80.76701998710632,0
80.77815914154053,0
80.7892963886261,0
80.80055117607117,64
80.81185126304626,0
80.82313632965088,64
80.83441281318665,128
80.84576797485352,64
80.85704493522644,64
80.86832237243652,64
80.87960624694824,64
80.89087963104248,0
80.90227961540222,64
80.91344475746155,64
80.92466235160828,0
80.93581008911133,0
80.94695234298706,128
80.95809292793274,128
80.9692313671112,0
80.98036694526672,0
80.99150490760803,128
81.00276279449463,64
81.01406574249268,128
81.02542233467102,64
81.03670835494995,0
81.04798650741577,0
81.05926251411438,64
81.0705349445343,0
81.08180975914001,0
81.09308409690857,0
81.10449290275574,0
81.11566972732544,64
81.12681818008423,192
81.13798594474792,0
81.14913558959961,64
81.16027855873108,64
81.17141532897949,0
81.18255805969238,0
81.19369721412659,64
81.20496344566345,64
81.21626734733582,0
81.22754883766174,64
81.23883271217346,64
81.25010895729065,64
81.26138091087341,128
81.27265238761902,64
81.28392672538757,64
81.2952675819397,64
81.30667543411255,64
81.31788444519043,0
81.32903289794922,0
81.34017086029053,0
81.35130763053894,0
81.36245942115784,64
81.37359619140625,0
81.38473510742188,0
81.39587497711182,128
81.40712141990662,0
81.41841793060303,0
81.42988419532776,64
81.44118452072144,128
81.45246696472168,128
81.4637405872345,128
81.475017786026,0
81.48629951477051,0
81.49756956100464,0
81.50898003578186,64
81.52015042304993,64
81.53129315376282,64
81.5424337387085,64
81.55357265472412,192
81.56471657752991,0
81.57585859298706,192
81.58698964118958,0
81.59813046455383,0
81.60938739776611,64
81.62069344520569,128
81.63197875022888,64
81.64326190948486,0
81.65453672409058,0
81.66589379310608,0
81.67717432975769,128
81.68844413757324,0
81.69972014427185,0
81.71112370491028,64
81.72228956222534,128
81.73343086242676,0
81.74460697174072,128
81.75575280189514,0
81.76689457893372,0
81.77803301811218,0
81.7891697883606,128
81.80031371116638,0
81.81156301498413,0
81.82286548614502,128
81.8341543674469,64
81.84550499916077,64
81.85678005218506,0
81.86805725097656,0
81.87933921813965,64
81.89061689376831,128
81.90189027786255,64
81.9131772518158,64
81.92434477806091,64
81.93552923202515,0
81.94667434692383,0
81.95785403251648,128
81.96900177001953,0
81.98013710975647,128
81.99127459526062,64
82.0024163722992,0
82.01367115974426,0
82.0249707698822,0
82.0362548828125,64
82.04753184318542,64
82.05880880355835,64
82.07011842727661,0
82.08140063285828,0
82.09267282485962,0
82.10394549369812,128
82.11542844772339,64
82.12661361694336,0
82.13776636123657,0
82.14890384674072,128
82.16004276275635,128
82.17117881774902,0
82.18231797218323,0
82.19345712661743,0
82.20462965965271,0
82.21589612960815,64
82.22720050811768,64
82.23848366737366,64
82.24976372718811,64
82.26103496551514,0
82.27231216430664,64
82.28359270095825,64
82.29487490653992,0
82.30615592002869,0
82.31755495071411,0
82.32872653007507,0
82.33986973762512,0
82.35100221633911,0
82.36213874816895,0
82.37327647209167,0
82.38441324234009,192
82.39561533927917,128
82.40675902366638,128
82.41800332069397,0
82.42930793762207,64
82.44059324264526,0
82.45187592506409,128
82.46315264701843,0
82.47442674636841,0
82.4857530593872,0
82.49702548980713,0
82.50829195976257,0
82.51973509788513,64
82.53101801872253,0
82.54218482971191,0
82.55333662033081,0
82.56449604034424,0
82.57564091682434,64
82.58678650856018,64
82.59791946411133,0
82.60905361175537,0
82.62024068832397,0
82.63138031959534,0
82.64252543449402,128
82.65366291999817,128
82.66479516029358,0
82.67593383789062,0
82.68706727027893,128
82.69820022583008,64
82.70933771133423,128
82.7205970287323,0
82.73189902305603,128
82.74318218231201,64
82.75446486473083,64
82.76573610305786,64
82.77701187133789,64
82.78828573226929,128
82.79955673217773,64
82.81082534790039,0
82.82223200798035,0
82.83339715003967,0
82.8445975780487,128
82.85574173927307,0
82.86688208580017,0
82.87801480293274,64
82.88915157318115,192
82.90029168128967,0
82.91142797470093,0
82.92267441749573,0
82.93397498130798,0
82.94529867172241,64
82.95657300949097,64
82.96785402297974,64
82.97913098335266,0
82.99040246009827,0
83.00169205665588,0
83.01297163963318,64
83.0243730545044,0
83.03559923171997,0
83.04673767089844,0
83.05787134170532,0
83.06900453567505,0
83.08014726638794,0
83.09128880500793,128
83.10242676734924,0
83.11359095573425,0
83.12485194206238,64
83.13615822792053,64
83.14744973182678,0
83.15873146057129,0
83.17001128196716,128
83.18128490447998,0
83.19255638122559,64
83.20383191108704,64
83.21510601043701,0
83.22651290893555,64
83.2376799583435,64
83.24882197380066,0
83.25995993614197,0
83.27109289169312,0
83.28223037719727,0
83.29336762428284,0
83.30450081825256,192
83.31563186645508,0
83.32688522338867,128
83.33817982673645,64
83.34946274757385,64
83.36073732376099,0
83.37201523780823,0
83.38328266143799,128
83.39461493492126,64
83.40591406822205,0
83.41719150543213,0
83.42860102653503,64
83.43976950645447,0
83.45091891288757,64
83.46205592155457,0
83.47318816184998,0
83.48432850837708,64
83.49550580978394,64
83.50664043426514,0
83.51777505874634,192
83.52903437614441,192
83.54033660888672,64
83.5517590045929,0
83.56308007240295,64
83.5743887424469,0
83.58578491210938,64
83.59705948829651,0
83.60833859443665,64
83.61961722373962,0
83.631032705307,64
83.64219737052917,64
83.65334463119507,0
83.66447854042053,0
83.67561459541321,64
83.68675589561462,0
83.69788527488708,0
83.70902180671692,128
83.72018694877625,128
83.73145484924316,0
83.74277257919312,64
83.75405550003052,64
83.76540279388428,64
83.77667999267578,0
83.78795170783997,0
83.79922580718994,64
83.8105001449585,0
83.82177686691284,64
83.83317613601685,64
83.8443500995636,192
83.85553407669067,64
83.86666893959045,64
83.8778007030487,0
83.88892960548401,64
83.900062084198,64
83.9111967086792,0
83.92233467102051,0
83.9335823059082,0
83.94488787651062,64
83.95616745948792,64
83.96743440628052,128
83.97870874404907,64
83.98998045921326,0
84.00126338005066,64
84.01253747940063,64
84.02380537986755,64
84.03528761863708,128
84.04648447036743,64
84.05763483047485,128
84.06877589225769,64
84.07991051673889,64
84.09104228019714,0
84.1021773815155,128
84.11331272125244,64
84.12444496154785,128
84.1356999874115,128
84.1470034122467,0
84.15827989578247,0
84.16955375671387,128
84.18083834648132,64
84.1921157836914,64
84.2033863067627,128
84.21471166610718,0
84.22600364685059,0
84.23719072341919,128
84.24834442138672,128
84.25947976112366,0
84.27061486244202,0
84.28174591064453,0
84.29288101196289,0
84.30401587486267,0
84.31522560119629,128
84.3263726234436,0
84.33762288093567,0
84.34892678260803,64
84.36021518707275,0
84.37149143218994,64
84.3827657699585,128
84.39403557777405,0
84.4053738117218,64
84.41665387153625,64
84.42792558670044,0
84.43933415412903,64
84.45049929618835,0
84.46164083480835,192
84.47277879714966,128
84.4839141368866,64
84.49505496025085,0
84.50622153282166,128
84.51736092567444,0
84.52849006652832,64
84.53974032402039,64
84.55104231834412,64
84.56232118606567,0
84.57359719276428,0
84.58487319946289,64
84.59615230560303,0
84.6074230670929,0
84.61869502067566,0
84.62997460365295,128
84.64137148857117,0
84.65253043174744,0
84.66367411613464,64
84.67481350898743,0
84.68595814704895,128
84.69709515571594,64
84.70823240280151,64
84.71936583518982,64
84.73049712181091,128
84.74175596237183,0
84.7530517578125,0
84.76433300971985,0
84.77568101882935,0
84.78696298599243,0
84.79824042320251,64
84.80951356887817,64
84.82078170776367,0
84.83206510543823,128
84.84346890449524,64
84.85467100143433,64
84.86583304405212,64
84.87697052955627,0
84.88810992240906,64
84.8992509841919,0
84.91038870811462,0
84.92158126831055,0
84.93272948265076,0
84.94398760795593,0
84.95536041259766,64
84.96664667129517,0
84.97791981697083,0
84.98920202255249,0
85.00047826766968,0
85.01175093650818,0
85.0230360031128,0
85.03431010246277,64
85.04575705528259,64
85.05692195892334,128
85.06806659698486,0
85.07922744750977,128
85.0903639793396,0
85.10150074958801,64
85.1126401424408,64
85.12377166748047,128
85.1349105834961,128
85.14616513252258,0
85.15747094154358,0
85.16876220703125,64
85.18003535270691,64
85.19131755828857,0
85.20260047912598,64
85.2138774394989,64
85.22515296936035,0
85.23642921447754,0
85.2478346824646,0
85.25899624824524,0
85.27014112472534,128
85.28128218650818,192
85.29241681098938,128
85.30355381965637,64
85.31471991539001,0
85.32586550712585,0
85.3369972705841,0
85.34824585914612,128
85.35954523086548,0
85.37082600593567,0
85.38210463523865,64
85.3933777809143,0
85.40471577644348,0
85.41599917411804,0
85.42746353149414,64
85.43875432014465,0
85.4501678943634,0
85.4613676071167,64
85.47251534461975,128
85.48365092277527,128
85.4947898387909,64
85.50593376159668,64
85.5170955657959,0
85.52823615074158,128
85.53937315940857,128
85.550621509552,64
85.56192255020142,0
85.57320857048035,0
85.58448505401611,0
85.5959403514862,0
85.60724449157715,128
85.61852836608887,0
85.62983202934265,128
85.641117811203,64
85.65253043174744,0
85.66369676589966,64
85.67484760284424,64
85.68598461151123,64
85.69712018966675,0
85.7082588672638,0
85.719398021698,0
85.73053646087646,128
85.74166965484619,64
85.75291776657104,0
85.76422214508057,128
85.77557969093323,64
85.78686881065369,0
85.79814720153809,64
85.80942296981812,0
85.82069540023804,64
85.83197617530823,0
85.84325122833252,0
85.85469675064087,0
85.86587238311768,64
85.87703132629395,128
85.88816857337952,0
85.89930701255798,64
85.91044521331787,0
85.9215874671936,64
85.9327232837677,128
85.943856716156,64
85.9551088809967,0
85.96642923355103,0
85.97771787643433,64
85.98899626731873,0
86.00027561187744,64
86.01155185699463,0
86.02282166481018,0
86.03409314155579,64
86.04541897773743,64
86.05682516098022,0
86.06799364089966,64
86.07913589477539,128
86.09027457237244,64
86.10141110420227,0
86.11254167556763,0
86.12375259399414,0
86.13492131233215,128
86.14609122276306,0
86.15735507011414,128
86.16865825653076,64
86.17993831634521,0
86.1912190914154,0
86.20249676704407,0
86.21377301216125,0
86.22504687309265,64
86.23633193969727,0
86.24761128425598,0
86.25901889801025,0
86.27018880844116,128
86.28133130073547,0
86.29246592521667,128
86.30360794067383,128
86.31474733352661,0
86.32587790489197,0
86.33701348304749,192
86.34814929962158,0
86.35939860343933,64
86.37069988250732,0
86.38197994232178,64
86.39326643943787,0
86.40460062026978,0
86.41588926315308,64
86.42716979980469,64
86.43844747543335,0
86.4497241973877,0
86.4611279964447,64
86.47229218482971,0
86.48344206809998,128
86.49461722373962,0
86.50576424598694,128
86.51690196990967,128
86.52803921699524,64
86.53917741775513,128
86.55032062530518,0
86.56158018112183,0
86.57287764549255,0
86.58415961265564,64
86.59550952911377,128
86.6067943572998,64
86.61807084083557,0
86.62935042381287,0
86.6406261920929,0
86.65189719200134,0
86.66329526901245,0
86.67446255683899,128
86.68560934066772,0
86.69674348831177,0
86.70788240432739,0
86.71903944015503,128
86.73017454147339,64
86.74132966995239,0
86.75247263908386,64
86.76371836662292,64
86.77502202987671,0
86.78630447387695,64
86.79758501052856,64
86.80885791778564,64
86.8201367855072,128
86.83141756057739,128
86.84268999099731,64
86.85396027565002,64
86.86543273925781,0
86.87661027908325,64
86.88775420188904,0
86.89890313148499,128
86.91004419326782,0
86.92118883132935,64
86.93232655525208,0
86.94346523284912,128
86.95463967323303,128
86.96590065956116,64
86.97720646858215,0
86.98850202560425,128
86.99978494644165,0
87.01106476783752,64
87.02234268188477,64
87.03361988067627,0
87.04489850997925,128
87.0561752319336,64
87.06758618354797,64
87.07875561714172,0
87.08989882469177,192
87.10103607177734,64
87.11217331886292,64
87.12331175804138,0
87.13445115089417,192
87.1456048488617,128
87.15677261352539,0
87.16803097724915,0
87.1793315410614,64
87.19061303138733,0
87.20189952850342,0
87.21317553520203,0
87.2244439125061,0
87.2357873916626,64
87.24708080291748,0
87.25836062431335,0
87.26976585388184,0
87.28093218803406,0
87.29207849502563,0
87.30321979522705,0
87.31435751914978,64
87.32558107376099,192
87.33672451972961,0
87.34786343574524,0
87.35900068283081,0
87.37026023864746,0
87.38156080245972,128
87.39284777641296,0
87.40412497520447,0
87.41548037528992,0
87.42676281929016,0
87.43804097175598,128
87.44932746887207,0
87.4606065750122,64
87.4720106124878,0
87.48317646980286,192
87.49432444572449,0
87.50550842285156,128
87.51664757728577,64
87.52779126167297,64
87.53892827033997,192
87.55006504058838,192
87.56120610237122,0
87.57246351242065,0
87.58377766609192,0
87.59506154060364,0
87.60634589195251,64
87.61762762069702,64
87.62889957427979,64